0.000000 0.000000 0.000000 0.000000 0.000000 0.000000 1.000000
0.523804 -0.000249 0.000000 0.000000 0.000000 0.001302 0.999999
1.079828 0.000778 0.000000 0.000000 0.000000 -0.002981 0.999996
1.671288 -0.010743 0.000000 0.000000 0.000000 -0.015597 0.999878
2.242923 -0.031172 0.000000 0.000000 0.000000 -0.017562 0.999846
2.766442 -0.049794 0.000000 0.000000 0.000000 -0.014180 0.999899
3.271974 -0.057780 0.000000 0.000000 0.000000 -0.008835 0.999961
3.855237 -0.064049 0.000000 0.000000 0.000000 -0.003833 0.999993
4.416253 -0.069401 0.000000 0.000000 0.000000 0.000147 1.000000
5.010121 -0.071796 0.000000 0.000000 0.000000 -0.002657 0.999996
5.542540 -0.072492 0.000000 0.000000 0.000000 0.001263 0.999999
6.043900 -0.069972 0.000000 0.000000 0.000000 0.004468 0.999990
6.594460 -0.065508 0.000000 0.000000 0.000000 0.007983 0.999968
7.106818 -0.058878 0.000000 0.000000 0.000000 0.007196 0.999974
7.630305 -0.050305 0.000000 0.000000 0.000000 0.010476 0.999945
8.178866 -0.034243 0.000000 0.000000 0.000000 0.018593 0.999827
8.742010 -0.005662 0.000000 0.000000 0.000000 0.022491 0.999747
9.403159 0.017570 0.000000 0.000000 0.000000 0.012990 0.999916
9.906455 0.036317 0.000000 0.000000 0.000000 0.019959 0.999801
10.464292 0.058378 0.000000 0.000000 0.000000 0.020495 0.999790
11.045418 0.082897 0.000000 0.000000 0.000000 0.028210 0.999602
11.577749 0.113801 0.000000 0.000000 0.000000 0.028447 0.999595
12.130719 0.153210 0.000000 0.000000 0.000000 0.044054 0.999029
12.644117 0.199976 0.000000 0.000000 0.000000 0.049190 0.998789
13.187144 0.254673 0.000000 0.000000 0.000000 0.055208 0.998475
13.699673 0.314217 0.000000 0.000000 0.000000 0.057497 0.998346
14.264678 0.380205 0.000000 0.000000 0.000000 0.063518 0.997981
14.792474 0.448398 0.000000 0.000000 0.000000 0.066073 0.997815
15.428877 0.543016 0.000000 0.000000 0.000000 0.085397 0.996347
15.971131 0.638220 0.000000 0.000000 0.000000 0.085677 0.996323
16.491604 0.733772 0.000000 0.000000 0.000000 0.099241 0.995063
17.068003 0.849158 0.000000 0.000000 0.000000 0.098695 0.995118
17.569188 0.948553 0.000000 0.000000 0.000000 0.101739 0.994811
18.082239 1.056199 0.000000 0.000000 0.000000 0.109363 0.994002
18.614400 1.180927 0.000000 0.000000 0.000000 0.119871 0.992789
19.210552 1.330923 0.000000 0.000000 0.000000 0.126395 0.991980
19.829834 1.493555 0.000000 0.000000 0.000000 0.134732 0.990882
20.387852 1.653260 0.000000 0.000000 0.000000 0.139487 0.990224
20.948627 1.813024 0.000000 0.000000 0.000000 0.132996 0.991117
21.434813 1.948359 0.000000 0.000000 0.000000 0.138666 0.990339
21.966929 2.097951 0.000000 0.000000 0.000000 0.140459 0.990086
22.460004 2.235800 0.000000 0.000000 0.000000 0.138986 0.990294
22.993293 2.390308 0.000000 0.000000 0.000000 0.143935 0.989587
23.484557 2.536309 0.000000 0.000000 0.000000 0.142651 0.989773
24.087897 2.713483 0.000000 0.000000 0.000000 0.140191 0.990124
24.584790 2.854590 0.000000 0.000000 0.000000 0.139508 0.990221
25.081622 2.994050 0.000000 0.000000 0.000000 0.136536 0.990635
25.681838 3.163355 0.000000 0.000000 0.000000 0.128041 0.991769
26.169318 3.295607 0.000000 0.000000 0.000000 0.128544 0.991704
26.672815 3.434028 0.000000 0.000000 0.000000 0.138905 0.990306
27.248333 3.600611 0.000000 0.000000 0.000000 0.137017 0.990569
27.747450 3.746388 0.000000 0.000000 0.000000 0.142433 0.989804
28.255882 3.897015 0.000000 0.000000 0.000000 0.138366 0.990381
28.793955 4.053036 0.000000 0.000000 0.000000 0.136182 0.990684
29.374846 4.222269 0.000000 0.000000 0.000000 0.147559 0.989053
29.938427 4.398353 0.000000 0.000000 0.000000 0.151867 0.988401
30.415714 4.550271 0.000000 0.000000 0.000000 0.158586 0.987345
30.896044 4.710517 0.000000 0.000000 0.000000 0.165783 0.986162
31.437133 4.897386 0.000000 0.000000 0.000000 0.162610 0.986690
32.009005 5.093040 0.000000 0.000000 0.000000 0.160960 0.986961
32.577467 5.270535 0.000000 0.000000 0.000000 0.145304 0.989387
33.151596 5.447165 0.000000 0.000000 0.000000 0.150301 0.988640
33.717766 5.621744 0.000000 0.000000 0.000000 0.146380 0.989228
34.276369 5.788678 0.000000 0.000000 0.000000 0.144132 0.989558
34.773683 5.943623 0.000000 0.000000 0.000000 0.155941 0.987766
35.259395 6.100282 0.000000 0.000000 0.000000 0.155124 0.987895
35.744877 6.258873 0.000000 0.000000 0.000000 0.159644 0.987175
36.259327 6.432212 0.000000 0.000000 0.000000 0.162404 0.986724
36.776161 6.610822 0.000000 0.000000 0.000000 0.159937 0.987127
37.328019 6.799448 0.000000 0.000000 0.000000 0.161562 0.986863
37.864042 6.981249 0.000000 0.000000 0.000000 0.163294 0.986577
38.408721 7.168675 0.000000 0.000000 0.000000 0.164554 0.986368
38.997574 7.380227 0.000000 0.000000 0.000000 0.173721 0.984795
39.516352 7.568278 0.000000 0.000000 0.000000 0.173186 0.984889
40.046577 7.762995 0.000000 0.000000 0.000000 0.174831 0.984598
40.523580 7.940870 0.000000 0.000000 0.000000 0.182126 0.983275
41.127396 8.169765 0.000000 0.000000 0.000000 0.179830 0.983698
41.654591 8.366537 0.000000 0.000000 0.000000 0.174851 0.984595
42.175350 8.563943 0.000000 0.000000 0.000000 0.188412 0.982090
42.755843 8.795556 0.000000 0.000000 0.000000 0.188743 0.982027
43.302662 9.018748 0.000000 0.000000 0.000000 0.197606 0.980281
43.858256 9.253500 0.000000 0.000000 0.000000 0.192903 0.981218
44.375642 9.461027 0.000000 0.000000 0.000000 0.188662 0.982042
44.862801 9.654537 0.000000 0.000000 0.000000 0.186604 0.982435
45.333833 9.842315 0.000000 0.000000 0.000000 0.190011 0.981782
45.813898 10.040056 0.000000 0.000000 0.000000 0.193508 0.981099
46.297243 10.236937 0.000000 0.000000 0.000000 0.190485 0.981690
46.795347 10.434952 0.000000 0.000000 0.000000 0.185946 0.982560
47.367276 10.655809 0.000000 0.000000 0.000000 0.184611 0.982812
47.902082 10.867955 0.000000 0.000000 0.000000 0.189263 0.981926
48.385320 11.062314 0.000000 0.000000 0.000000 0.186903 0.982378
48.873100 11.259767 0.000000 0.000000 0.000000 0.192579 0.981282
49.340937 11.451274 0.000000 0.000000 0.000000 0.193802 0.981041
49.879263 11.674604 0.000000 0.000000 0.000000 0.200241 0.979747
50.369587 11.887731 0.000000 0.000000 0.000000 0.204060 0.978958
50.861892 12.099465 0.000000 0.000000 0.000000 0.201582 0.979472
51.398456 12.330516 0.000000 0.000000 0.000000 0.198750 0.980050
51.887295 12.534664 0.000000 0.000000 0.000000 0.196983 0.980407
52.350309 12.733768 0.000000 0.000000 0.000000 0.204187 0.978932
52.868933 12.957193 0.000000 0.000000 0.000000 0.194395 0.980923
53.346483 13.152046 0.000000 0.000000 0.000000 0.191652 0.981463
53.853216 13.360019 0.000000 0.000000 0.000000 0.193997 0.981002
54.458588 13.611941 0.000000 0.000000 0.000000 0.198176 0.980167
54.930784 13.816712 0.000000 0.000000 0.000000 0.206459 0.978455
55.449044 14.045384 0.000000 0.000000 0.000000 0.206649 0.978415
55.991918 14.292471 0.000000 0.000000 0.000000 0.215898 0.976416
56.521907 14.540836 0.000000 0.000000 0.000000 0.216640 0.976252
56.983735 14.755996 0.000000 0.000000 0.000000 0.218057 0.975936
57.476992 14.987469 0.000000 0.000000 0.000000 0.219648 0.975579
58.060605 15.256135 0.000000 0.000000 0.000000 0.206095 0.978532
58.586968 15.488895 0.000000 0.000000 0.000000 0.212141 0.977239
59.113199 15.728909 0.000000 0.000000 0.000000 0.209697 0.977766
59.690103 15.987295 0.000000 0.000000 0.000000 0.210514 0.977591
60.237799 16.240539 0.000000 0.000000 0.000000 0.212782 0.977100
60.780599 16.484561 0.000000 0.000000 0.000000 0.206217 0.978506
61.373702 16.754614 0.000000 0.000000 0.000000 0.220102 0.975477
61.851254 16.983732 0.000000 0.000000 0.000000 0.223385 0.974730
62.323295 17.219750 0.000000 0.000000 0.000000 0.242937 0.970042
62.853703 17.524573 0.000000 0.000000 0.000000 0.279778 0.960065
63.324601 17.843719 0.000000 0.000000 0.000000 0.313357 0.949635
63.711696 18.156098 0.000000 0.000000 0.000000 0.356379 0.934342
63.992841 18.429690 0.000000 0.000000 0.000000 0.399228 0.916852
64.343826 18.830295 0.000000 0.000000 0.000000 0.430415 0.902631
64.683605 19.288182 0.000000 0.000000 0.000000 0.473935 0.880560
64.937885 19.707538 0.000000 0.000000 0.000000 0.512996 0.858391
65.122298 20.093390 0.000000 0.000000 0.000000 0.555400 0.831583
65.352117 20.748360 0.000000 0.000000 0.000000 0.600048 0.799964
65.483865 21.244456 0.000000 0.000000 0.000000 0.626122 0.779725
65.601583 21.834260 0.000000 0.000000 0.000000 0.644311 0.764764
65.689177 22.438188 0.000000 0.000000 0.000000 0.660749 0.750607
65.752025 23.049018 0.000000 0.000000 0.000000 0.682982 0.730436
65.767632 23.617880 0.000000 0.000000 0.000000 0.716113 0.697984
65.740459 24.060052 0.000000 0.000000 0.000000 0.746452 0.665440
65.643012 24.661327 0.000000 0.000000 0.000000 0.779633 0.626236
65.492447 25.225340 0.000000 0.000000 0.000000 0.805273 0.592905
65.317840 25.734575 0.000000 0.000000 0.000000 0.828205 0.560425
65.116625 26.204536 0.000000 0.000000 0.000000 0.839487 0.543380
64.880294 26.679501 0.000000 0.000000 0.000000 0.862724 0.505676
64.616994 27.128641 0.000000 0.000000 0.000000 0.870189 0.492717
64.347493 27.584672 0.000000 0.000000 0.000000 0.869774 0.493451
64.077992 28.035035 0.000000 0.000000 0.000000 0.870508 0.492155
63.751799 28.568507 0.000000 0.000000 0.000000 0.872969 0.487776
63.446269 29.070060 0.000000 0.000000 0.000000 0.869520 0.493898
63.151570 29.569979 0.000000 0.000000 0.000000 0.872725 0.488211
62.846600 30.057606 0.000000 0.000000 0.000000 0.878355 0.478010
62.533150 30.529915 0.000000 0.000000 0.000000 0.884249 0.467016
62.218247 30.989471 0.000000 0.000000 0.000000 0.887595 0.460625
61.868770 31.482554 0.000000 0.000000 0.000000 0.887478 0.460851
61.543405 31.954776 0.000000 0.000000 0.000000 0.883477 0.468474
61.179778 32.505174 0.000000 0.000000 0.000000 0.880758 0.473566
60.840566 33.017661 0.000000 0.000000 0.000000 0.879337 0.476200
60.497839 33.556537 0.000000 0.000000 0.000000 0.876004 0.482304
60.222462 33.987764 0.000000 0.000000 0.000000 0.873792 0.486301
59.880910 34.527380 0.000000 0.000000 0.000000 0.879205 0.476444
59.600063 34.953625 0.000000 0.000000 0.000000 0.878358 0.478003
59.317344 35.390861 0.000000 0.000000 0.000000 0.876202 0.481943
58.966709 35.943270 0.000000 0.000000 0.000000 0.877543 0.479499
58.684714 36.376459 0.000000 0.000000 0.000000 0.878160 0.478368
58.382006 36.831317 0.000000 0.000000 0.000000 0.879450 0.475991
58.088019 37.283157 0.000000 0.000000 0.000000 0.878439 0.477854
57.797937 37.728562 0.000000 0.000000 0.000000 0.876323 0.481724
57.394947 38.345196 0.000000 0.000000 0.000000 0.881810 0.471605
57.101064 38.770788 0.000000 0.000000 0.000000 0.888738 0.458415
56.713703 39.306918 0.000000 0.000000 0.000000 0.894475 0.447118
56.391510 39.730360 0.000000 0.000000 0.000000 0.899623 0.436668
56.063590 40.132019 0.000000 0.000000 0.000000 0.906497 0.422213
55.683199 40.574192 0.000000 0.000000 0.000000 0.912128 0.409905
55.347391 40.950165 0.000000 0.000000 0.000000 0.914593 0.404376
55.003084 41.328551 0.000000 0.000000 0.000000 0.913375 0.407120
54.655939 41.714037 0.000000 0.000000 0.000000 0.914089 0.405514
54.281263 42.137851 0.000000 0.000000 0.000000 0.910916 0.412592
53.886850 42.595484 0.000000 0.000000 0.000000 0.907485 0.420084
53.488991 43.082478 0.000000 0.000000 0.000000 0.902375 0.430952
53.110726 43.550446 0.000000 0.000000 0.000000 0.902976 0.429690
52.689194 44.061004 0.000000 0.000000 0.000000 0.905528 0.424287
52.317221 44.507031 0.000000 0.000000 0.000000 0.906489 0.422230
51.933040 44.961351 0.000000 0.000000 0.000000 0.907961 0.419055
51.550483 45.404701 0.000000 0.000000 0.000000 0.908540 0.417799
51.125717 45.910674 0.000000 0.000000 0.000000 0.905653 0.424020
50.786358 46.318773 0.000000 0.000000 0.000000 0.905761 0.423789
50.437805 46.738912 0.000000 0.000000 0.000000 0.905634 0.424060
50.109621 47.124040 0.000000 0.000000 0.000000 0.911127 0.412126
49.770327 47.507210 0.000000 0.000000 0.000000 0.912656 0.408728
49.417938 47.899767 0.000000 0.000000 0.000000 0.916077 0.401003
49.023501 48.326303 0.000000 0.000000 0.000000 0.914769 0.403977
48.678860 48.709935 0.000000 0.000000 0.000000 0.914091 0.405509
48.243271 49.198165 0.000000 0.000000 0.000000 0.911735 0.410779
47.891957 49.594141 0.000000 0.000000 0.000000 0.911621 0.411031
47.556492 49.969917 0.000000 0.000000 0.000000 0.913480 0.406883
47.213458 50.343001 0.000000 0.000000 0.000000 0.916671 0.399643
46.867060 50.711932 0.000000 0.000000 0.000000 0.921708 0.387884
46.454534 51.143012 0.000000 0.000000 0.000000 0.918718 0.394915
46.092323 51.530625 0.000000 0.000000 0.000000 0.915886 0.401438
45.743118 51.918264 0.000000 0.000000 0.000000 0.910391 0.413750
45.312219 52.403799 0.000000 0.000000 0.000000 0.912544 0.408979
44.960647 52.810506 0.000000 0.000000 0.000000 0.907107 0.420901
44.536155 53.286104 0.000000 0.000000 0.000000 0.918476 0.395477
44.123951 53.713244 0.000000 0.000000 0.000000 0.921671 0.387973
43.676985 54.144869 0.000000 0.000000 0.000000 0.934963 0.354746
43.243265 54.506978 0.000000 0.000000 0.000000 0.947004 0.321221
42.946838 54.715294 0.000000 0.000000 0.000000 0.960608 0.277906
42.560070 54.939306 0.000000 0.000000 0.000000 0.972047 0.234785
42.091005 55.157021 0.000000 0.000000 0.000000 0.981812 0.189853
41.632404 55.319624 0.000000 0.000000 0.000000 0.989209 0.146514
41.167394 55.437133 0.000000 0.000000 0.000000 0.995197 0.097894
40.504714 55.531979 0.000000 0.000000 0.000000 0.999239 0.039013
39.931825 55.558641 0.000000 0.000000 0.000000 0.999998 -0.002002
39.385509 55.538669 0.000000 0.000000 0.000000 0.999344 -0.036203
38.828624 55.467904 0.000000 0.000000 0.000000 0.996399 -0.084783
38.206290 55.344352 0.000000 0.000000 0.000000 0.992780 -0.119948
37.721808 55.210905 0.000000 0.000000 0.000000 0.988254 -0.152818
37.213586 55.031706 0.000000 0.000000 0.000000 0.982165 -0.188019
36.675869 54.795307 0.000000 0.000000 0.000000 0.977380 -0.211489
36.126657 54.527983 0.000000 0.000000 0.000000 0.970180 -0.242387
35.578141 54.220256 0.000000 0.000000 0.000000 0.963958 -0.266055
35.145445 53.965088 0.000000 0.000000 0.000000 0.965231 -0.261399
34.669239 53.687196 0.000000 0.000000 0.000000 0.966694 -0.255935
34.183951 53.406253 0.000000 0.000000 0.000000 0.964738 -0.263213
33.700010 53.122603 0.000000 0.000000 0.000000 0.966400 -0.257043
33.222028 52.849129 0.000000 0.000000 0.000000 0.968767 -0.247975
32.777242 52.606346 0.000000 0.000000 0.000000 0.968607 -0.248599
32.303836 52.348526 0.000000 0.000000 0.000000 0.970072 -0.242817
31.846961 52.105564 0.000000 0.000000 0.000000 0.970862 -0.239640
31.380302 51.872626 0.000000 0.000000 0.000000 0.974430 -0.224692
30.862610 51.619221 0.000000 0.000000 0.000000 0.974473 -0.224506
30.329704 51.356756 0.000000 0.000000 0.000000 0.973590 -0.228304
29.821311 51.103436 0.000000 0.000000 0.000000 0.972928 -0.231106
29.250853 50.816988 0.000000 0.000000 0.000000 0.971767 -0.235941
28.708978 50.530705 0.000000 0.000000 0.000000 0.969513 -0.245039
28.168965 50.235046 0.000000 0.000000 0.000000 0.968047 -0.250767
27.731287 49.990582 0.000000 0.000000 0.000000 0.967488 -0.252916
27.281501 49.740543 0.000000 0.000000 0.000000 0.967052 -0.254579
26.760294 49.444392 0.000000 0.000000 0.000000 0.965618 -0.259966
26.317265 49.187705 0.000000 0.000000 0.000000 0.965881 -0.258988
25.748957 48.860739 0.000000 0.000000 0.000000 0.966062 -0.258310
25.305333 48.607994 0.000000 0.000000 0.000000 0.966675 -0.256007
24.857156 48.348648 0.000000 0.000000 0.000000 0.965390 -0.260811
24.372218 48.062874 0.000000 0.000000 0.000000 0.962765 -0.270338
23.925243 47.785334 0.000000 0.000000 0.000000 0.960636 -0.277811
23.491819 47.510998 0.000000 0.000000 0.000000 0.961341 -0.275360
22.989967 47.198299 0.000000 0.000000 0.000000 0.959712 -0.280986
22.563370 46.926889 0.000000 0.000000 0.000000 0.961462 -0.274936
22.104046 46.640464 0.000000 0.000000 0.000000 0.961492 -0.274833
21.644246 46.353023 0.000000 0.000000 0.000000 0.960578 -0.278011
21.161476 46.049514 0.000000 0.000000 0.000000 0.960708 -0.277563
20.695182 45.759248 0.000000 0.000000 0.000000 0.961918 -0.273337
20.253403 45.488820 0.000000 0.000000 0.000000 0.964189 -0.265215
19.822322 45.229331 0.000000 0.000000 0.000000 0.962962 -0.269638
19.358604 44.952611 0.000000 0.000000 0.000000 0.964004 -0.265889
18.844134 44.649184 0.000000 0.000000 0.000000 0.965959 -0.258696
18.345231 44.365431 0.000000 0.000000 0.000000 0.966213 -0.257746
17.859875 44.088897 0.000000 0.000000 0.000000 0.966219 -0.257722
17.405462 43.824300 0.000000 0.000000 0.000000 0.965293 -0.261168
16.924076 43.547616 0.000000 0.000000 0.000000 0.965917 -0.258852
16.465233 43.280968 0.000000 0.000000 0.000000 0.965645 -0.259864
16.000049 43.013282 0.000000 0.000000 0.000000 0.966796 -0.255548
15.468344 42.705354 0.000000 0.000000 0.000000 0.965754 -0.259459
14.998208 42.438049 0.000000 0.000000 0.000000 0.966590 -0.256329
14.534603 42.171927 0.000000 0.000000 0.000000 0.965801 -0.259283
14.090734 41.915928 0.000000 0.000000 0.000000 0.966309 -0.257386
13.632109 41.661075 0.000000 0.000000 0.000000 0.969562 -0.244845
13.183045 41.415242 0.000000 0.000000 0.000000 0.966948 -0.254974
12.663148 41.114146 0.000000 0.000000 0.000000 0.964100 -0.265539
12.215669 40.852959 0.000000 0.000000 0.000000 0.965406 -0.260750
11.729590 40.572642 0.000000 0.000000 0.000000 0.965956 -0.258706
11.226608 40.289591 0.000000 0.000000 0.000000 0.968546 -0.248835
10.727629 40.015215 0.000000 0.000000 0.000000 0.967647 -0.252309
10.227206 39.738539 0.000000 0.000000 0.000000 0.969794 -0.243926
9.772713 39.496638 0.000000 0.000000 0.000000 0.971459 -0.237208
9.284920 39.244018 0.000000 0.000000 0.000000 0.970978 -0.239167
8.812774 39.002347 0.000000 0.000000 0.000000 0.973048 -0.230603
8.332842 38.757609 0.000000 0.000000 0.000000 0.971934 -0.235255
7.875607 38.524132 0.000000 0.000000 0.000000 0.971458 -0.237211
7.400578 38.278798 0.000000 0.000000 0.000000 0.971649 -0.236426
6.843111 37.991274 0.000000 0.000000 0.000000 0.971873 -0.235504
6.323978 37.727581 0.000000 0.000000 0.000000 0.972149 -0.234362
5.875648 37.499640 0.000000 0.000000 0.000000 0.973440 -0.228942
5.399092 37.267713 0.000000 0.000000 0.000000 0.974910 -0.222599
4.916300 37.034384 0.000000 0.000000 0.000000 0.975721 -0.219016
4.436248 36.815919 0.000000 0.000000 0.000000 0.978742 -0.205094
3.864066 36.578610 0.000000 0.000000 0.000000 0.982635 -0.185549
3.271768 36.351360 0.000000 0.000000 0.000000 0.984083 -0.177708
2.701685 36.139257 0.000000 0.000000 0.000000 0.985099 -0.171990
2.104989 35.924850 0.000000 0.000000 0.000000 0.985368 -0.170440
1.556902 35.732352 0.000000 0.000000 0.000000 0.985425 -0.170109
1.056583 35.559755 0.000000 0.000000 0.000000 0.987602 -0.156979
0.573219 35.398373 0.000000 0.000000 0.000000 0.986349 -0.164669
0.013129 35.214745 0.000000 0.000000 0.000000 0.988035 -0.154228
-0.536757 35.033967 0.000000 0.000000 0.000000 0.986792 -0.161995
-1.132634 34.832199 0.000000 0.000000 0.000000 0.986183 -0.165660
-1.692947 34.631098 0.000000 0.000000 0.000000 0.984276 -0.176636
-2.235556 34.431270 0.000000 0.000000 0.000000 0.983565 -0.180554
-2.726810 34.237278 0.000000 0.000000 0.000000 0.981260 -0.192687
-3.300039 33.999662 0.000000 0.000000 0.000000 0.981139 -0.193304
-3.768168 33.811388 0.000000 0.000000 0.000000 0.982945 -0.183899
-4.235553 33.627576 0.000000 0.000000 0.000000 0.983028 -0.183458
-4.736899 33.432279 0.000000 0.000000 0.000000 0.981790 -0.189968
-5.251041 33.223048 0.000000 0.000000 0.000000 0.981612 -0.190885
-5.732695 33.022322 0.000000 0.000000 0.000000 0.980806 -0.194986
-6.244202 32.813990 0.000000 0.000000 0.000000 0.981754 -0.190158
-6.762675 32.602801 0.000000 0.000000 0.000000 0.980298 -0.197522
-7.273340 32.387108 0.000000 0.000000 0.000000 0.978995 -0.203885
-7.785215 32.168271 0.000000 0.000000 0.000000 0.979676 -0.200588
-8.341142 31.929349 0.000000 0.000000 0.000000 0.979009 -0.203815
-8.822310 31.714752 0.000000 0.000000 0.000000 0.977875 -0.209190
-9.424659 31.439427 0.000000 0.000000 0.000000 0.975248 -0.221112
-9.966742 31.174389 0.000000 0.000000 0.000000 0.972709 -0.232028
-10.417882 30.936277 0.000000 0.000000 0.000000 0.969260 -0.246038
-10.886447 30.678236 0.000000 0.000000 0.000000 0.968196 -0.250194
-11.350899 30.417334 0.000000 0.000000 0.000000 0.967379 -0.253332
-11.838883 30.140110 0.000000 0.000000 0.000000 0.966830 -0.255422
-12.390473 29.822125 0.000000 0.000000 0.000000 0.963968 -0.266020
-12.837739 29.549631 0.000000 0.000000 0.000000 0.962272 -0.272088
-13.346174 29.238342 0.000000 0.000000 0.000000 0.960740 -0.277451
-13.774681 28.978838 0.000000 0.000000 0.000000 0.965792 -0.259318
-14.231297 28.714472 0.000000 0.000000 0.000000 0.965731 -0.259545
-14.756277 28.416624 0.000000 0.000000 0.000000 0.967950 -0.251142
-15.230368 28.159971 0.000000 0.000000 0.000000 0.970548 -0.240907
-15.750311 27.885501 0.000000 0.000000 0.000000 0.972190 -0.234195
-16.261845 27.620412 0.000000 0.000000 0.000000 0.972714 -0.232006
-16.741123 27.377851 0.000000 0.000000 0.000000 0.972388 -0.233369
-17.289207 27.099053 0.000000 0.000000 0.000000 0.972631 -0.232355
-17.737446 26.876573 0.000000 0.000000 0.000000 0.973023 -0.230710
-18.211383 26.640717 0.000000 0.000000 0.000000 0.973803 -0.227392
-18.702007 26.394119 0.000000 0.000000 0.000000 0.971753 -0.236002
-19.211549 26.133488 0.000000 0.000000 0.000000 0.972071 -0.234688
-19.755227 25.853746 0.000000 0.000000 0.000000 0.970818 -0.239816
-20.258864 25.589912 0.000000 0.000000 0.000000 0.970059 -0.242870
-20.846613 25.284062 0.000000 0.000000 0.000000 0.972532 -0.232770
-21.343158 25.035837 0.000000 0.000000 0.000000 0.973474 -0.228798
-21.799267 24.802680 0.000000 0.000000 0.000000 0.971406 -0.237426
-22.260227 24.564200 0.000000 0.000000 0.000000 0.972820 -0.231562
-22.716962 24.339933 0.000000 0.000000 0.000000 0.973938 -0.226814
-23.195882 24.100839 0.000000 0.000000 0.000000 0.972618 -0.232409
-23.644692 23.875658 0.000000 0.000000 0.000000 0.974076 -0.226223
-24.113595 23.641971 0.000000 0.000000 0.000000 0.972895 -0.231249
-24.645978 23.377173 0.000000 0.000000 0.000000 0.974725 -0.223408
-25.177401 23.118995 0.000000 0.000000 0.000000 0.974277 -0.225354
-25.706634 22.866224 0.000000 0.000000 0.000000 0.974810 -0.223036
-26.202354 22.620448 0.000000 0.000000 0.000000 0.972401 -0.233314
-26.718575 22.351610 0.000000 0.000000 0.000000 0.970959 -0.239246
-27.190046 22.108376 0.000000 0.000000 0.000000 0.972553 -0.232681
-27.642544 21.867255 0.000000 0.000000 0.000000 0.969678 -0.244387
-28.121647 21.615116 0.000000 0.000000 0.000000 0.971434 -0.237309
-28.654436 21.336856 0.000000 0.000000 0.000000 0.971003 -0.239066
-29.120648 21.089712 0.000000 0.000000 0.000000 0.970478 -0.241189
-29.604964 20.839485 0.000000 0.000000 0.000000 0.972627 -0.232372
-30.081932 20.596416 0.000000 0.000000 0.000000 0.972889 -0.231272
-30.616096 20.331577 0.000000 0.000000 0.000000 0.972295 -0.233755
-31.071471 20.099154 0.000000 0.000000 0.000000 0.971387 -0.237504
-31.529539 19.863578 0.000000 0.000000 0.000000 0.971259 -0.238023
-32.018949 19.602629 0.000000 0.000000 0.000000 0.971031 -0.238954
-32.495059 19.348613 0.000000 0.000000 0.000000 0.970137 -0.242556
-32.944931 19.103246 0.000000 0.000000 0.000000 0.967461 -0.253019
-33.562316 18.751313 0.000000 0.000000 0.000000 0.965711 -0.259619
-34.070090 18.463390 0.000000 0.000000 0.000000 0.968726 -0.248134
-34.514154 18.221972 0.000000 0.000000 0.000000 0.970559 -0.240863
-34.993744 17.966713 0.000000 0.000000 0.000000 0.970451 -0.241299
-35.501217 17.695129 0.000000 0.000000 0.000000 0.970345 -0.241722
-36.008964 17.429362 0.000000 0.000000 0.000000 0.972902 -0.231219
-36.557430 17.151017 0.000000 0.000000 0.000000 0.971674 -0.236326
-37.106561 16.863319 0.000000 0.000000 0.000000 0.970619 -0.240622
-37.616118 16.603006 0.000000 0.000000 0.000000 0.971735 -0.236074
-38.094205 16.360574 0.000000 0.000000 0.000000 0.973424 -0.229011
-38.560629 16.130157 0.000000 0.000000 0.000000 0.974199 -0.225690
-39.067123 15.878975 0.000000 0.000000 0.000000 0.973596 -0.228278
-39.524939 15.659113 0.000000 0.000000 0.000000 0.977074 -0.212902
-40.004406 15.436915 0.000000 0.000000 0.000000 0.975263 -0.221047
-40.550949 15.172780 0.000000 0.000000 0.000000 0.975142 -0.221580
-41.034016 14.942727 0.000000 0.000000 0.000000 0.974530 -0.224258
-41.531432 14.697253 0.000000 0.000000 0.000000 0.972858 -0.231404
-42.057788 14.432514 0.000000 0.000000 0.000000 0.973580 -0.228347
-42.572947 14.170904 0.000000 0.000000 0.000000 0.970185 -0.242366
-43.039711 13.915550 0.000000 0.000000 0.000000 0.967010 -0.254738
-43.515867 13.640245 0.000000 0.000000 0.000000 0.965328 -0.261041
-44.054733 13.327640 0.000000 0.000000 0.000000 0.965732 -0.259540
-44.556003 13.034733 0.000000 0.000000 0.000000 0.964437 -0.264312
-44.996165 12.770110 0.000000 0.000000 0.000000 0.962883 -0.269919
-45.432546 12.503396 0.000000 0.000000 0.000000 0.962854 -0.270021
-45.877987 12.226218 0.000000 0.000000 0.000000 0.962550 -0.271106
-46.407202 11.900833 0.000000 0.000000 0.000000 0.962282 -0.272053
-46.881343 11.608785 0.000000 0.000000 0.000000 0.962434 -0.271516
-47.381543 11.290933 0.000000 0.000000 0.000000 0.959599 -0.281372
-47.873837 10.979786 0.000000 0.000000 0.000000 0.960866 -0.277014
-48.368281 10.670676 0.000000 0.000000 0.000000 0.960645 -0.277779
-48.831454 10.379059 0.000000 0.000000 0.000000 0.960941 -0.276753
-49.255786 10.125532 0.000000 0.000000 0.000000 0.973563 -0.228420
-49.617717 9.963231 0.000000 0.000000 0.000000 0.982764 -0.184865
-49.949571 9.853506 0.000000 0.000000 0.000000 0.991451 -0.130480
-50.235098 9.792833 0.000000 0.000000 0.000000 0.996341 -0.085465
-50.604391 9.748332 0.000000 0.000000 0.000000 0.999225 -0.039370
-51.174158 9.725578 0.000000 0.000000 0.000000 0.999971 0.007668
-51.511250 9.745968 0.000000 0.000000 0.000000 0.998460 0.055468
-51.990626 9.818191 0.000000 0.000000 0.000000 0.994999 0.099888
-52.568856 9.959868 0.000000 0.000000 0.000000 0.988840 0.148978
-52.912854 10.079217 0.000000 0.000000 0.000000 0.981189 0.193052
-53.181808 10.201582 0.000000 0.000000 0.000000 0.971547 0.236848
-53.474245 10.367650 0.000000 0.000000 0.000000 0.960098 0.279665
-53.689338 10.517853 0.000000 0.000000 0.000000 0.946252 0.323429
-53.971652 10.752880 0.000000 0.000000 0.000000 0.931176 0.364569
-54.298903 11.083792 0.000000 0.000000 0.000000 0.910949 0.412519
-54.617500 11.478234 0.000000 0.000000 0.000000 0.888281 0.459300
-54.941716 11.987768 0.000000 0.000000 0.000000 0.862278 0.506435
-55.185476 12.454935 0.000000 0.000000 0.000000 0.848072 0.529881
-55.399924 12.910753 0.000000 0.000000 0.000000 0.839859 0.542805
-55.632929 13.446855 0.000000 0.000000 0.000000 0.832779 0.553606
-55.881250 14.037236 0.000000 0.000000 0.000000 0.833691 0.552231
-56.082474 14.511364 0.000000 0.000000 0.000000 0.833266 0.552872
-56.284009 14.983823 0.000000 0.000000 0.000000 0.833009 0.553259
-56.479175 15.446902 0.000000 0.000000 0.000000 0.833408 0.552658
-56.703869 15.981430 0.000000 0.000000 0.000000 0.836059 0.548640
-56.944320 16.543203 0.000000 0.000000 0.000000 0.836763 0.547565
-57.149220 17.012661 0.000000 0.000000 0.000000 0.836594 0.547824
-57.367537 17.502757 0.000000 0.000000 0.000000 0.837599 0.546286
-57.607285 18.047047 0.000000 0.000000 0.000000 0.836759 0.547572
-57.825073 18.541278 0.000000 0.000000 0.000000 0.840375 0.542005
-58.064266 19.062544 0.000000 0.000000 0.000000 0.844169 0.536078
-58.286710 19.554990 0.000000 0.000000 0.000000 0.840255 0.542192
-58.505472 20.040577 0.000000 0.000000 0.000000 0.843204 0.537593
-58.776369 20.621368 0.000000 0.000000 0.000000 0.842049 0.539402
-58.998702 21.101046 0.000000 0.000000 0.000000 0.845417 0.534107
-59.240632 21.609267 0.000000 0.000000 0.000000 0.845997 0.533188
-59.467879 22.065454 0.000000 0.000000 0.000000 0.855777 0.517345
-59.717843 22.544028 0.000000 0.000000 0.000000 0.854239 0.519881
-59.965066 23.037147 0.000000 0.000000 0.000000 0.848080 0.529869
-60.182931 23.499281 0.000000 0.000000 0.000000 0.838676 0.544630
-60.404280 24.001916 0.000000 0.000000 0.000000 0.834876 0.550437
-60.615281 24.501636 0.000000 0.000000 0.000000 0.831951 0.554850
-60.820596 25.005635 0.000000 0.000000 0.000000 0.824384 0.566031
-61.050038 25.602849 0.000000 0.000000 0.000000 0.825988 0.563688
-61.230486 26.071985 0.000000 0.000000 0.000000 0.825906 0.563808
-61.421953 26.539136 0.000000 0.000000 0.000000 0.832457 0.554089
-61.651878 27.097820 0.000000 0.000000 0.000000 0.829395 0.558662
-61.863282 27.637562 0.000000 0.000000 0.000000 0.825496 0.564408
-62.072486 28.176303 0.000000 0.000000 0.000000 0.824462 0.565917
-62.256223 28.646294 0.000000 0.000000 0.000000 0.826978 0.562235
-62.450868 29.134551 0.000000 0.000000 0.000000 0.829218 0.558925
-62.646430 29.615204 0.000000 0.000000 0.000000 0.830680 0.556751
-62.838385 30.096388 0.000000 0.000000 0.000000 0.826757 0.562559
-63.032630 30.592255 0.000000 0.000000 0.000000 0.828034 0.560677
-63.224993 31.063012 0.000000 0.000000 0.000000 0.829764 0.558115
-63.419788 31.548981 0.000000 0.000000 0.000000 0.829847 0.557991
-63.615440 32.021001 0.000000 0.000000 0.000000 0.832126 0.554586
-63.827654 32.540993 0.000000 0.000000 0.000000 0.832285 0.554348
-64.023776 33.006340 0.000000 0.000000 0.000000 0.834127 0.551572
-64.216333 33.474766 0.000000 0.000000 0.000000 0.827196 0.561914
-64.431662 34.043537 0.000000 0.000000 0.000000 0.823980 0.566618
-64.652283 34.609962 0.000000 0.000000 0.000000 0.830317 0.557292
-64.870336 35.147500 0.000000 0.000000 0.000000 0.827025 0.562165
-65.072805 35.656158 0.000000 0.000000 0.000000 0.825218 0.564814
-65.302476 36.237888 0.000000 0.000000 0.000000 0.831762 0.555132
-65.499923 36.712253 0.000000 0.000000 0.000000 0.832347 0.554256
-65.701466 37.193401 0.000000 0.000000 0.000000 0.831906 0.554916
-65.920475 37.728315 0.000000 0.000000 0.000000 0.831732 0.555178
-66.124218 38.209750 0.000000 0.000000 0.000000 0.837745 0.546061
-66.334923 38.680041 0.000000 0.000000 0.000000 0.841606 0.540092
-66.597540 39.252718 0.000000 0.000000 0.000000 0.841820 0.539758
-66.831446 39.742957 0.000000 0.000000 0.000000 0.849743 0.527197
-67.127860 40.324347 0.000000 0.000000 0.000000 0.854396 0.519622
-67.366321 40.764828 0.000000 0.000000 0.000000 0.862748 0.505634
-67.628767 41.216969 0.000000 0.000000 0.000000 0.866720 0.498794
-67.924591 41.720753 0.000000 0.000000 0.000000 0.867491 0.497452
-68.197170 42.178826 0.000000 0.000000 0.000000 0.874590 0.484864
-68.469677 42.610509 0.000000 0.000000 0.000000 0.878587 0.477582
-68.791780 43.104444 0.000000 0.000000 0.000000 0.882354 0.470586
-69.105942 43.559030 0.000000 0.000000 0.000000 0.888934 0.458035
-69.443744 44.029420 0.000000 0.000000 0.000000 0.892700 0.450650
-69.792480 44.498487 0.000000 0.000000 0.000000 0.894686 0.446695
-70.143754 44.977146 0.000000 0.000000 0.000000 0.888891 0.458119
-70.471536 45.441700 0.000000 0.000000 0.000000 0.884629 0.466296
-70.790644 45.931723 0.000000 0.000000 0.000000 0.871448 0.490488
-71.051646 46.373733 0.000000 0.000000 0.000000 0.864383 0.502834
-71.314672 46.836746 0.000000 0.000000 0.000000 0.862564 0.505948
-71.596846 47.348295 0.000000 0.000000 0.000000 0.863216 0.504835
-71.868594 47.822073 0.000000 0.000000 0.000000 0.866744 0.498754
-72.163878 48.326452 0.000000 0.000000 0.000000 0.867331 0.497732
-72.474138 48.863650 0.000000 0.000000 0.000000 0.863689 0.504025
-72.736381 49.338192 0.000000 0.000000 0.000000 0.860875 0.508816
-72.978942 49.786262 0.000000 0.000000 0.000000 0.855449 0.517887
-73.215329 50.227975 0.000000 0.000000 0.000000 0.860049 0.510211
