map_size_x,map_size_y,grid_size,origin_x,origin_y
700.000000 600.000000 1.000000 -200.000000 -200.000000
node,points_num,mean_x,mean_y,var_xx,var_xy,var_yy,occupancy_rate
124810 691 10.898731 -21.281010 0.003775 -0.002458 0.017990 0.999000
124811 2199 11.502294 -21.400915 0.082948 -0.000622 0.003306 0.999000
124812 2427 12.516753 -21.456818 0.082002 -0.018632 0.012249 0.999000
124813 2431 13.510626 -21.486383 0.085170 0.031391 0.016812 0.999000
124814 2829 14.509343 -21.351713 0.082263 -0.003782 0.003970 0.999000
124815 2879 15.492990 -21.362278 0.083871 0.004271 0.003793 0.999000
124816 2435 16.482759 -21.326336 0.082125 0.001019 0.003763 0.999000
124817 2024 17.496647 -21.314922 0.085667 0.001278 0.004477 0.999000
124818 2011 18.476154 -21.251637 0.088635 0.000761 0.005848 0.999000
124819 1416 19.354534 -21.149643 0.082394 -0.002916 0.009302 0.999000
124820 1008 20.682606 -21.430988 0.069110 0.008408 0.029751 0.999000
124821 784 21.190990 -21.144161 0.016211 0.007889 0.009047 0.999000
125510 1405 10.863696 -20.466475 0.003335 -0.003046 0.081449 0.999000
125511 20 11.023932 -20.566017 0.000582 -0.003257 0.057613 0.999000
125521 1450 21.677671 -20.703304 0.044104 0.036982 0.053668 0.999000
125522 479 22.101480 -20.336224 0.004220 0.001427 0.022890 0.999000
126210 1646 10.839597 -19.477528 0.003197 -0.000481 0.084476 0.999000
126211 25 11.113267 -19.506384 0.004080 0.001556 0.074246 0.998340
126220 69 20.939825 -19.084038 0.002230 -0.001427 0.009278 0.999000
126221 1010 21.397768 -19.470051 0.099482 -0.081845 0.081717 0.999000
126222 15 22.031666 -19.966991 0.000846 -0.000070 0.000691 0.999000
126910 2335 10.834393 -18.480394 0.002793 -0.000772 0.082727 0.999000
126911 36 11.113724 -18.485687 0.004026 -0.002319 0.084342 0.998660
126920 1556 20.602221 -18.451662 0.045484 -0.054140 0.076221 0.999000
126921 86 21.047091 -18.927122 0.001015 -0.000618 0.003270 0.999000
127610 2779 10.825076 -17.500813 0.002753 -0.000756 0.082371 0.999000
127611 38 11.095591 -17.496304 0.003371 -0.000669 0.080417 0.999000
127619 1396 19.765194 -17.319321 0.021249 -0.025062 0.039694 0.999000
127620 714 20.145378 -17.793737 0.009439 -0.009036 0.017589 0.999000
128310 2921 10.819822 -16.493137 0.002883 -0.000181 0.083603 0.999000
128311 44 11.099247 -16.465174 0.001918 -0.004375 0.085677 0.997270
128318 187 18.948582 -16.072586 0.001861 -0.000852 0.003733 0.999000
128319 2694 19.291389 -16.525944 0.019015 -0.029552 0.078547 0.999000
129010 3083 10.817299 -15.497766 0.002786 -0.000218 0.081685 0.999000
129011 45 11.100762 -15.478982 0.001051 0.000211 0.098451 0.999000
129018 3215 18.593365 -15.488403 0.044359 -0.056573 0.079847 0.999000
129019 55 19.040983 -15.942594 0.001109 -0.000476 0.002194 0.999000
129710 3254 10.753232 -14.506656 0.006622 -0.012350 0.080647 0.999000
129711 37 11.053674 -14.669923 0.001715 -0.003812 0.038271 0.999000
129717 80 17.972698 -14.763536 0.000781 0.001262 0.008087 0.999000
129718 3344 18.405766 -14.560430 0.085464 0.068456 0.068966 0.999000
129719 303 19.096994 -14.082555 0.005631 0.001233 0.004638 0.999000
130410 3172 10.676645 -13.500360 0.004760 -0.001592 0.086378 0.999000
130418 35 18.926268 -13.625768 0.004423 -0.014817 0.116611 0.996015
130419 2250 19.337505 -13.532702 0.021444 -0.001900 0.091252 0.999000
131087 40 -12.328290 -12.505306 0.011870 -0.014355 0.037676 0.999000
131088 12 -11.851527 -12.549999 0.008344 -0.001034 0.001956 0.999000
131110 3048 10.698664 -12.495400 0.006451 0.010473 0.088041 0.999000
131111 18 11.031400 -12.203485 0.000492 -0.000078 0.010859 0.999000
131118 2209 18.768517 -12.436515 0.028365 -0.007328 0.042993 0.999000
131119 608 19.134460 -12.709070 0.009853 -0.009218 0.066926 0.999000
131787 59 -12.363201 -11.521957 0.005987 0.007375 0.078837 0.999000
131810 3186 10.771929 -11.504488 0.003852 0.000302 0.083821 0.999000
131811 43 11.021111 -11.485188 0.000148 -0.000473 0.087600 0.987669
131817 124 17.920341 -11.578955 0.003411 -0.004014 0.048773 0.999000
131818 2902 18.452915 -11.494317 0.053280 -0.032193 0.066028 0.999000
131819 5 19.060337 -11.964262 0.005619 0.000318 0.000792 0.999000
132487 36 -12.350364 -10.556961 0.011038 -0.010194 0.065679 0.999000
132488 55 -11.674604 -10.511097 0.006392 -0.003965 0.018244 0.999000
132510 3213 10.773561 -10.498536 0.004190 0.000561 0.082992 0.999000
132511 33 11.013922 -10.505493 0.000126 -0.000801 0.080001 0.999000
132517 2229 17.703815 -10.365296 0.034500 -0.033694 0.050788 0.999000
132518 725 18.115965 -10.836406 0.006105 -0.005309 0.012392 0.999000
133187 98 -12.428836 -9.392614 0.010109 -0.001789 0.055179 0.999000
133188 8 -11.831017 -9.437405 0.002113 -0.000956 0.002287 0.999000
133210 3190 10.772651 -9.501018 0.004213 -0.000526 0.084947 0.999000
133217 2273 17.552473 -9.663361 0.048392 0.035128 0.041046 0.999000
133886 43 -13.292942 -8.187561 0.057553 0.003652 0.009149 0.999000
133887 197 -12.472850 -8.427259 0.030795 -0.022069 0.073192 0.999000
133891 112 -8.212800 -8.258627 0.032897 0.006648 0.009147 0.999000
133892 36 -7.918051 -8.271507 0.003548 0.002671 0.020411 0.999000
133894 17 -5.302979 -8.068024 0.017824 -0.000936 0.005299 0.999000
133895 79 -4.144580 -8.049547 0.008610 -0.000678 0.002016 0.999000
133896 287 -3.475388 -8.059465 0.083831 -0.001660 0.004069 0.999000
133897 385 -2.454716 -8.051629 0.094452 0.001129 0.003203 0.999000
133898 285 -1.725893 -8.063706 0.026562 -0.001549 0.003989 0.999000
133900 214 0.887574 -8.045690 0.005350 -0.000363 0.001600 0.999000
133901 1218 1.550716 -8.054883 0.092100 -0.002685 0.002131 0.999000
133902 1692 2.407388 -8.090387 0.065926 0.002481 0.002629 0.999000
133903 905 3.521172 -8.044276 0.081350 -0.000137 0.001095 0.999000
133904 1124 4.510564 -8.053365 0.082208 -0.000449 0.001947 0.999000
133905 796 5.465819 -8.051305 0.083081 0.000030 0.002110 0.999000
133906 656 6.495845 -8.043612 0.085634 0.000339 0.001474 0.999000
133907 696 7.537606 -8.043729 0.089415 -0.001425 0.001889 0.999000
133908 860 8.519665 -8.055281 0.080817 -0.000847 0.002889 0.999000
133909 1114 9.508419 -8.057101 0.080397 -0.000538 0.003283 0.999000
133910 3865 10.695944 -8.425990 0.037401 -0.029028 0.100197 0.999000
133918 736 18.658415 -8.787581 0.034964 0.019924 0.018056 0.999000
133919 443 19.325111 -8.339340 0.057838 0.037035 0.030757 0.999000
134587 10 -12.718700 -7.957261 0.022950 0.000048 0.000541 0.999000
134591 204 -8.353004 -7.831278 0.062671 -0.004280 0.004420 0.993397
134592 24 -7.955954 -7.905788 0.000905 -0.000568 0.002385 0.999000
134594 128 -5.354798 -7.928742 0.031560 0.000456 0.001843 0.999000
134595 904 -4.245087 -7.629940 0.014541 -0.011613 0.074222 0.999000
134596 635 -3.456010 -7.943168 0.085380 0.000157 0.001711 0.999000
134597 916 -2.490565 -7.937693 0.081998 -0.000111 0.002155 0.817012
134600 2081 0.529921 -7.781183 0.083736 -0.011909 0.010037 0.999000
134601 1215 1.484776 -7.953239 0.075268 -0.000926 0.002566 0.999000
134603 1478 3.526093 -7.947612 0.078536 0.000418 0.001437 0.884272
134604 1679 4.492458 -7.947755 0.081192 0.000070 0.001923 0.999000
134605 1303 5.462987 -7.947619 0.085708 -0.000188 0.001978 0.999000
134606 1081 6.494683 -7.946873 0.086524 0.000426 0.001394 0.999000
134607 1232 7.517728 -7.949306 0.082134 -0.000553 0.001350 0.999000
134608 1508 8.515384 -7.948914 0.083507 -0.000140 0.001376 0.999000
134609 1594 9.506927 -7.949716 0.084588 0.000771 0.001374 0.999000
134610 1878 10.477476 -7.942472 0.070332 0.000752 0.001667 0.999000
134615 54 15.927395 -7.104418 0.002773 -0.001298 0.006355 0.999000
134616 3311 16.424562 -7.395771 0.041949 -0.018942 0.041645 0.999000
134617 540 17.251644 -7.222949 0.025569 0.012667 0.016134 0.999000
134620 188 20.395657 -7.577970 0.087914 0.050831 0.037181 0.999000
134621 54 21.216972 -7.118088 0.009259 0.002718 0.004977 0.999000
135288 37 -11.301128 -6.702897 0.002577 0.000941 0.021508 0.999000
135291 160 -8.339457 -6.246267 0.082444 -0.002505 0.006078 0.999000
135294 398 -5.528367 -6.434047 0.006297 -0.002329 0.030779 0.999000
135295 496 -4.278559 -6.297221 0.006096 -0.003186 0.021783 0.999000
135296 412 -3.069661 -6.448164 0.003214 -0.002315 0.048650 0.999000
135297 596 -2.924136 -6.523000 0.003063 -0.001394 0.047361 0.999000
135299 16 -0.951914 -6.881599 0.001542 -0.001543 0.006769 0.884272
135300 613 0.792691 -6.751430 0.008046 -0.002272 0.008650 0.950510
135302 816 2.819057 -6.721955 0.009318 -0.000483 0.005697 0.999000
135304 1324 4.864407 -6.582069 0.009809 0.010384 0.046666 0.999000
135305 1520 5.080686 -6.289320 0.003442 -0.000304 0.033633 0.999000
135315 1720 15.883486 -6.582839 0.007048 -0.000678 0.019028 0.999000
135316 2372 16.179136 -6.493531 0.017623 0.025072 0.101746 0.999000
135317 189 17.691559 -6.633307 0.051402 0.006262 0.024548 0.999000
135321 153 21.681026 -6.653881 0.065074 0.058342 0.078018 0.999000
135322 180 22.084904 -6.271801 0.002809 0.001155 0.028333 0.999000
135987 163 -12.399922 -5.478190 0.002853 0.000756 0.056191 0.999000
135988 41 -11.066424 -5.626258 0.002066 -0.001737 0.008612 0.999000
135991 232 -8.363654 -5.755642 0.064845 -0.006988 0.007513 0.999000
135992 76 -7.941198 -5.840988 0.001950 -0.000361 0.007635 0.999000
135995 389 -4.391773 -5.239230 0.038238 0.042302 0.078352 0.999000
136004 959 4.956797 -5.444632 0.001220 -0.000061 0.079516 0.999000
136005 3060 5.075493 -5.481404 0.003095 -0.000600 0.082253 0.999000
136016 4538 16.486383 -5.534547 0.066674 0.040660 0.044859 0.999000
136017 3270 17.541378 -5.274232 0.079777 0.027727 0.023283 0.999000
136018 307 18.300928 -5.311700 0.094736 -0.057722 0.091685 0.999000
136019 235 19.396822 -5.594707 0.097334 0.024263 0.024815 0.999000
136021 447 21.663494 -5.466040 0.039268 -0.050774 0.074345 0.999000
136022 34 22.037830 -5.921960 0.000728 -0.000205 0.003943 0.999000
136684 6 -15.013801 -4.223815 0.000088 0.000359 0.010346 0.999000
136685 70 -14.899236 -4.194149 0.003257 0.000261 0.015540 0.999000
136687 101 -12.409526 -4.678214 0.003439 -0.004780 0.045752 0.999000
136691 136 -8.278232 -4.093456 0.038725 -0.003977 0.005443 0.999000
136694 139 -5.546955 -4.342851 0.008551 0.002451 0.011878 0.970447
136695 748 -4.334507 -4.302415 0.010216 0.000939 0.070266 0.999000
136696 309 -3.086942 -4.243334 0.003100 -0.000986 0.005506 0.999000
136697 426 -2.921187 -4.329269 0.003340 -0.001800 0.007050 0.999000
136704 959 4.960366 -4.573440 0.001066 -0.000784 0.059652 0.884272
136705 3043 5.079727 -4.562593 0.003444 0.002080 0.060235 0.999000
136717 274 17.934362 -4.882733 0.003786 0.002435 0.016410 0.999000
136718 3958 18.278284 -4.421747 0.022367 0.025908 0.102587 0.999000
136719 554 19.310871 -4.069165 0.017258 0.001466 0.002709 0.999000
136720 52 20.712208 -4.645592 0.052017 0.024088 0.017521 0.999000
136721 159 21.199158 -4.785896 0.010362 -0.010735 0.018371 0.999000
137385 83 -14.896020 -3.745458 0.003567 -0.001057 0.019323 0.999000
137390 102 -9.600726 -3.148932 0.003918 0.000821 0.006023 0.999000
137391 155 -8.239753 -3.737440 0.038809 0.016473 0.028171 0.999000
137395 528 -4.325404 -3.602969 0.005016 0.000855 0.093711 0.999000
137419 2609 19.645777 -3.774974 0.061303 0.023831 0.018744 0.999000
137420 2705 20.347490 -3.300206 0.047224 0.034247 0.033224 0.999000
138090 63 -9.482592 -2.605718 0.006991 0.014918 0.049378 0.999000
138091 46 -8.386856 -2.067871 0.071763 0.001507 0.002819 0.999000
138092 28 -7.945733 -2.066153 0.001235 0.000105 0.002176 0.999000
138095 1116 -4.281443 -2.757540 0.003685 -0.001381 0.022323 0.999000
138096 759 -3.072656 -2.278309 0.002454 -0.000857 0.013581 0.999000
138097 252 -2.961378 -2.298188 0.001003 0.000067 0.006328 0.999000
138098 733 -1.098991 -2.397739 0.005763 -0.000970 0.009297 0.884272
138099 428 -0.955606 -2.445336 0.001395 -0.000249 0.008293 0.999000
138100 1030 0.900585 -2.469753 0.004793 -0.000867 0.008723 0.999000
138101 505 1.042923 -2.517449 0.001093 -0.000653 0.006767 0.999000
138102 1119 2.902889 -2.378182 0.003242 0.000242 0.010716 0.999000
138104 1156 4.911725 -2.372568 0.003027 0.000383 0.006544 0.999000
138105 662 5.073993 -2.354522 0.003253 -0.000431 0.007650 0.999000
138112 1680 12.638853 -2.118820 0.029516 0.002736 0.005648 0.999000
138113 39 13.074987 -2.033816 0.002808 0.000539 0.000923 0.999000
138120 2289 20.645170 -2.547827 0.096606 0.016765 0.095796 0.999000
138121 1625 21.149778 -2.372400 0.034803 0.011807 0.080838 0.999000
138122 246 22.150023 -2.070024 0.008369 0.002105 0.002771 0.999000
138791 75 -8.234436 -1.808364 0.092672 0.018712 0.018626 0.999000
138792 62 -7.936986 -1.758074 0.001857 0.001069 0.028845 0.999000
138795 1116 -4.282368 -1.555234 0.003728 -0.000240 0.069203 0.999000
138811 530 11.881037 -1.158534 0.012541 -0.001251 0.021697 0.999000
138812 2575 12.368658 -1.604331 0.068923 -0.057706 0.071690 0.999000
138813 3570 13.535497 -1.495934 0.071798 0.056445 0.066172 0.999000
138822 1794 22.629326 -1.651455 0.049393 0.037266 0.035170 0.999000
138823 933 23.256636 -1.239039 0.025087 0.014221 0.017956 0.999000
138824 8 24.083084 -1.057803 0.003031 0.000046 0.000647 0.999000
139491 52 -8.364691 -0.072600 0.076885 -0.000100 0.003841 0.999000
139492 7 -7.938271 -0.038240 0.000428 0.000099 0.000520 0.999000
139495 2635 -4.243548 -0.493958 0.003098 0.004836 0.081552 0.999000
139511 2015 11.749714 -0.663324 0.018584 0.002169 0.039137 0.999000
139512 1155 12.388826 -0.177936 0.098045 0.024043 0.021460 0.999000
139523 2080 23.423662 -0.528284 0.058081 0.017305 0.078192 0.999000
139524 119 24.155819 -0.402411 0.016653 0.023176 0.062329 0.999000
140187 23 -12.375079 0.540222 0.008559 0.001533 0.006370 0.999000
140188 34 -11.773758 0.532361 0.005520 0.003831 0.016609 0.999000
140191 77 -8.378860 0.406449 0.063138 -0.005580 0.030800 0.999000
140192 40 -7.953663 0.339262 0.001187 0.000290 0.039315 0.999000
140195 2313 -4.215043 0.457091 0.004055 0.004915 0.077325 0.999000
140196 1913 -3.333387 0.863628 0.085631 0.001778 0.004024 0.999000
140197 1487 -2.830106 0.944764 0.012903 0.002494 0.002430 0.999000
140222 13 22.936390 0.925651 0.002426 -0.000480 0.004947 0.999000
140223 719 23.605110 0.453668 0.061573 -0.032825 0.152686 0.999000
140224 705 24.536980 0.524909 0.085263 0.035207 0.055861 0.999000
140225 82 25.057631 0.827473 0.003429 0.002797 0.027002 0.999000
140895 6 -4.226324 1.501933 0.004344 -0.006264 0.226890 0.999000
140896 126 -3.092627 1.169694 0.033705 0.004896 0.073621 0.999000
140897 2476 -2.774851 1.206688 0.009329 0.000087 0.062605 0.999000
140922 1432 22.741093 1.647764 0.036108 -0.028148 0.048863 0.999000
140923 827 23.255327 1.194366 0.059000 -0.021201 0.020329 0.999000
141587 18 -12.391104 2.826675 0.002492 -0.001429 0.004415 0.999000
141595 295 -4.200108 2.699840 0.006527 -0.003277 0.077369 0.999000
141596 356 -3.455029 2.385306 0.014489 -0.005867 0.025437 0.996061
141621 522 21.835014 2.812041 0.013086 -0.006486 0.025194 0.999000
141622 1575 22.221247 2.351696 0.023747 -0.023886 0.055185 0.999000
141626 65 26.798937 2.585842 0.008350 -0.004831 0.050877 0.999000
141627 12 27.095163 2.392723 0.008675 -0.004572 0.014244 0.999000
142295 979 -4.217264 3.495961 0.005932 0.000841 0.079142 0.999000
142296 112 -3.597885 3.780340 0.007955 0.002131 0.006865 0.999000
142307 473 7.731772 3.911391 0.029116 -0.000749 0.009415 0.999000
142308 2657 8.539787 3.785857 0.045490 0.005606 0.016247 0.999000
142309 96 9.059714 3.957577 0.002397 0.000334 0.001230 0.999000
142321 2017 21.740231 3.384544 0.017462 0.013310 0.042459 0.999000
142322 507 22.122053 3.692202 0.006487 0.001963 0.015091 0.999000
142326 5 26.676004 3.038449 0.002907 -0.000506 0.000835 0.999000
142995 771 -4.224045 4.514909 0.007761 -0.000193 0.084027 0.999000
142996 141 -3.561319 4.891984 0.007973 0.003378 0.010483 0.999000
143007 2360 7.629293 4.355829 0.023936 -0.017013 0.087737 0.999000
143008 720 8.354168 4.102185 0.120208 -0.007006 0.004860 0.999000
143009 2268 9.415139 4.402410 0.046590 0.040540 0.074281 0.999000
143010 83 10.377031 4.962708 0.008227 0.000539 0.000930 0.999000
143011 674 11.527120 4.927415 0.020899 0.001204 0.002670 0.999000
143016 1419 16.874357 4.321513 0.007804 0.000365 0.019094 0.884272
143017 718 17.062773 4.257295 0.001824 -0.000647 0.015197 0.999000
143021 1866 21.676325 4.614517 0.013763 -0.020307 0.061533 0.999000
143022 216 22.198318 4.220013 0.069007 0.030975 0.026972 0.999000
143023 60 23.321053 4.785633 0.047068 0.016009 0.012029 0.999000
143695 619 -4.231260 5.480729 0.011124 0.009565 0.062407 0.999000
143696 424 -3.720615 5.766512 0.018130 -0.011799 0.056837 0.999000
143706 60 6.963502 5.957097 0.001237 0.000088 0.001070 0.999000
143707 2051 7.327037 5.538408 0.025547 -0.039281 0.080069 0.999000
143709 598 9.816727 5.177458 0.016634 0.007194 0.024088 0.999000
143710 1548 10.528072 5.229056 0.065905 0.003006 0.026861 0.999000
143711 1570 11.540481 5.219664 0.090316 -0.034401 0.032652 0.999000
143712 1971 12.431661 5.522658 0.058662 0.045286 0.044634 0.999000
143713 9 13.071905 5.979242 0.004923 -0.000538 0.000370 0.999000
143721 3162 21.498999 5.577546 0.019083 -0.005764 0.086312 0.999000
143722 156 22.727587 5.830199 0.042616 -0.014655 0.014577 0.999000
143723 43 23.186520 5.387951 0.027432 -0.014117 0.015425 0.999000
143724 11 24.402809 5.297524 0.014967 0.004562 0.007000 0.999000
144395 27 -4.076663 6.255836 0.006312 0.008262 0.079043 0.999000
144396 724 -3.716251 6.456931 0.012849 -0.007124 0.081404 0.999000
144405 1907 5.677761 6.632018 0.030282 -0.021121 0.039201 0.999000
144406 2364 6.581251 6.484648 0.078575 -0.045632 0.044844 0.999000
144407 165 7.050133 6.071795 0.001503 -0.000606 0.003869 0.999000
144410 20 10.836804 6.116067 0.003130 0.000950 0.001653 0.999000
144411 31 11.831997 6.790520 0.008552 -0.003168 0.025365 0.999000
144412 846 12.771868 6.406791 0.041338 -0.004000 0.084800 0.999000
144413 1935 13.241523 6.417317 0.016240 0.020618 0.076019 0.999000
144415 2816 15.411631 6.467778 0.018865 -0.007077 0.018258 0.999000
144422 2963 22.444738 6.567438 0.052103 0.040798 0.071950 0.999000
144423 34 23.215805 6.868877 0.026575 0.003386 0.011668 0.999000
145095 121 -4.083694 7.481761 0.006267 -0.008664 0.104601 0.999000
145096 858 -3.689179 7.624994 0.049615 0.035875 0.076131 0.999000
145104 758 4.842837 7.772327 0.016682 -0.004205 0.023748 0.999000
145105 1319 5.227083 7.314247 0.022975 -0.019514 0.040665 0.999000
145112 178 12.785679 7.382106 0.025746 0.006052 0.028746 0.999000
145113 2642 13.792402 7.473989 0.031249 0.016988 0.085718 0.999000
145114 682 14.047998 7.433815 0.001272 -0.000270 0.009388 0.999000
145122 1658 22.849768 7.642206 0.010429 -0.012841 0.100141 0.999000
145123 1608 23.185617 7.353061 0.014697 0.000436 0.037673 0.999000
145795 32 -4.124618 8.061812 0.008750 -0.001764 0.002715 0.999000
145796 1100 -3.309725 8.162780 0.064951 0.019353 0.024976 0.999000
145797 1230 -2.540192 8.463371 0.092336 -0.007981 0.019891 0.999000
145798 1547 -1.492803 8.275545 0.082187 -0.000652 0.006034 0.999000
145799 1804 -0.478949 8.306276 0.080075 0.014475 0.017886 0.999000
145800 1760 0.512372 8.515489 0.082509 -0.001608 0.004486 0.999000
145801 2032 1.501838 8.609642 0.085740 0.013369 0.009446 0.999000
145802 2079 2.498063 8.639626 0.081902 -0.002744 0.007696 0.999000
145803 2212 3.486823 8.504201 0.083400 -0.004052 0.006832 0.999000
145804 1648 4.397936 8.362761 0.051916 -0.031534 0.028335 0.999000
145813 780 13.819322 8.225108 0.023249 0.001589 0.025291 0.999000
145814 3353 14.452504 8.576132 0.028493 0.001102 0.059253 0.999000
145821 190 21.951723 8.933020 0.001644 -0.000067 0.002758 0.999000
145822 3702 22.351486 8.495579 0.043614 -0.053477 0.075830 0.999000
146513 130 13.813118 9.808324 0.008387 -0.011124 0.032313 0.999000
146514 2568 14.669652 9.400120 0.059486 0.016348 0.080385 0.999000
146515 2237 15.284879 9.610617 0.023926 0.012745 0.015453 0.999000
146521 4219 21.614243 9.512206 0.043601 -0.054934 0.078288 0.999000
146522 203 22.068495 9.064466 0.009356 -0.000414 0.002345 0.999000
147213 311 13.536049 10.265190 0.017620 -0.018727 0.030510 0.999000
147214 2266 14.736126 10.619983 0.055448 0.025294 0.055309 0.999000
147215 832 15.087269 10.343588 0.004561 -0.009292 0.119652 0.999000
147220 1351 20.830544 10.588017 0.016896 -0.020750 0.041100 0.999000
147221 1659 21.160242 10.209629 0.010375 -0.007851 0.023360 0.999000
147912 213 12.771414 11.603184 0.050128 -0.030093 0.057970 0.979510
147913 731 13.395610 11.776796 0.028678 0.014922 0.015699 0.999000
147918 4677 18.618177 11.690794 0.027657 -0.019180 0.024030 0.999000
147919 1895 19.553070 11.850829 0.130003 0.012266 0.009706 0.999000
147920 3606 20.367184 11.395442 0.077278 -0.052710 0.049662 0.999000
147921 215 21.125334 11.140662 0.018995 0.014820 0.016988 0.999000
148611 178 11.833447 12.528975 0.027087 -0.037196 0.057202 0.981788
148613 2095 13.579157 12.478908 0.023763 0.003138 0.080913 0.999000
148614 361 14.085151 12.270490 0.002719 0.000943 0.003899 0.999000
148617 26 17.919720 12.357131 0.004613 -0.000994 0.004262 0.999000
148618 2036 18.205961 12.214011 0.010677 -0.010396 0.014878 0.999000
148619 1254 19.703510 12.107897 0.019235 0.000494 0.005574 0.999000
148620 37 20.293222 12.593747 0.010571 0.012840 0.025379 0.999000
149311 394 11.730517 13.673015 0.071621 0.058993 0.105078 0.999000
149312 109 12.080588 13.932332 0.004219 0.001298 0.002553 0.999000
149313 28 13.480762 13.022929 0.001570 0.000038 0.000528 0.884272
150010 173 10.646572 14.872292 0.016130 0.009529 0.007765 0.999000
150011 263 11.808187 14.202261 0.004048 -0.001142 0.007732 0.999000
150012 1072 12.324868 14.321856 0.007214 0.007106 0.046759 0.999000
150017 783 17.779678 14.792331 0.010437 -0.007658 0.012037 0.999000
150018 153 18.631424 14.208902 0.022486 -0.012855 0.012115 0.999000
150710 217 10.872274 15.126395 0.007864 0.005425 0.007803 0.999000
150711 2156 11.567884 15.609660 0.077399 0.053842 0.042038 0.999000
150712 353 12.094481 15.937603 0.005393 0.001291 0.002344 0.999000
150716 163 16.943638 15.920441 0.002298 -0.001084 0.004202 0.999000
150717 1551 17.334087 15.471918 0.041596 -0.056225 0.088929 0.999000
150729 14 29.671928 15.422000 0.003366 -0.001234 0.002282 0.999000
151411 14 11.970630 16.039471 0.000792 0.000493 0.000733 0.999000
151412 2839 12.571754 16.347481 0.066413 0.046523 0.037411 0.999000
151413 2140 13.332775 16.802668 0.039426 0.017625 0.011981 0.999000
151416 1478 16.556040 16.504539 0.044205 -0.056947 0.081748 0.999000
151417 147 17.249580 16.166344 0.008160 0.003401 0.010051 0.999000
152113 1293 13.794863 17.141317 0.017345 0.009099 0.008605 0.999000
152114 2685 14.494678 17.431843 0.089431 0.016709 0.012214 0.999000
152115 1683 15.387937 17.753782 0.077917 -0.021283 0.043107 0.999000
152116 470 16.267256 17.129032 0.041767 0.003137 0.007644 0.999000
152815 273 15.686431 18.069830 0.037379 0.006363 0.003397 0.999000
544110 54 11.164108 -21.520805 0.034323 0.000079 0.000365 0.999000
544111 84 11.994759 -21.521830 0.078437 -0.001047 0.000490 0.999000
544112 1729 13.102376 -21.612303 0.049847 0.001484 0.003097 0.999000
544113 77 13.600222 -21.579172 0.035439 0.004402 0.003267 0.999000
544114 52 14.990795 -21.522963 0.056083 -0.000303 0.000398 0.999000
544115 15 15.822270 -21.520334 0.089197 -0.001798 0.000301 0.999000
544116 11 16.943121 -21.522423 0.056066 0.000069 0.000174 0.999000
544117 7 17.809414 -21.508137 0.020245 0.000361 0.000032 0.999000
544119 90 20.410723 -21.722469 0.005263 -0.000813 0.007432 0.999000
544120 227 20.636734 -21.608513 0.007917 0.003442 0.006233 0.999000
544810 2336 11.052997 -21.194185 0.044172 -0.035046 0.083281 0.999000
544811 2156 12.004150 -21.398008 0.083657 -0.000142 0.002537 0.999000
544812 738 12.718184 -21.400545 0.052084 -0.003095 0.002946 0.999000
544813 2553 14.028666 -21.352289 0.078604 0.006064 0.003366 0.999000
544814 2863 14.998716 -21.366722 0.082045 -0.001855 0.003739 0.999000
544815 2685 15.986149 -21.339653 0.083543 0.002802 0.003657 0.999000
544816 2166 16.979069 -21.319134 0.083996 0.000545 0.003764 0.999000
544817 2047 17.998198 -21.280615 0.078500 0.007399 0.005882 0.999000
544818 2147 19.003710 -21.171595 0.072252 0.020793 0.013588 0.999000
544819 586 19.792999 -21.166700 0.033876 -0.011524 0.016194 0.999000
544820 1697 21.107201 -21.170221 0.052469 0.036992 0.032861 0.999000
544821 993 21.754089 -20.719524 0.024470 0.015426 0.017095 0.999000
545510 1603 10.851143 -20.008240 0.003954 -0.001850 0.085622 0.999000
545520 47 21.236908 -19.544069 0.018683 -0.001417 0.000920 0.999000
545521 1008 21.946503 -20.091150 0.027077 -0.034354 0.074858 0.999000
546210 1999 10.841290 -18.965599 0.004084 -0.000346 0.081262 0.999000
546220 1413 20.967562 -18.970762 0.038857 -0.049436 0.079592 0.999000
546910 2669 10.833677 -17.983711 0.003843 -0.000831 0.082941 0.999000
546919 1531 20.182446 -17.892483 0.031637 -0.038460 0.058277 0.999000
546920 337 20.594316 -18.366692 0.004439 -0.003298 0.008205 0.999000
547610 2851 10.825135 -16.998400 0.003889 -0.000578 0.083787 0.999000
547618 1278 19.363598 -16.755695 0.004976 0.000147 0.021394 0.999000
547619 1239 19.712210 -17.202648 0.017482 -0.020945 0.037427 0.999000
548310 3077 10.822717 -15.994596 0.003967 -0.000391 0.084057 0.999000
548318 3111 18.961153 -15.984379 0.052951 -0.063587 0.084250 0.999000
549010 3303 10.809786 -14.983869 0.005037 -0.004489 0.086086 0.999000
549017 3135 18.243578 -14.914123 0.019204 -0.017684 0.058969 0.999000
549018 545 18.575363 -15.303679 0.003262 -0.001449 0.077573 0.999000
549709 11 10.473154 -14.040906 0.000327 -0.000776 0.095483 0.999000
549710 3108 10.694440 -14.006047 0.005183 -0.004950 0.081121 0.999000
549717 218 18.407797 -14.440391 0.004376 0.001164 0.001843 0.999000
549718 2480 19.020502 -14.052467 0.082788 0.065538 0.062006 0.999000
549719 218 19.557005 -13.673050 0.003181 0.002233 0.009175 0.999000
550387 35 -12.155332 -12.610906 0.043809 0.002629 0.004765 0.999000
550409 33 10.480760 -12.923663 0.000308 0.000908 0.072628 0.999000
550410 3125 10.675168 -13.008222 0.004071 -0.001564 0.082850 0.999000
550418 2235 19.114872 -12.949374 0.047794 -0.053231 0.084769 0.999000
550419 77 19.583895 -13.352974 0.012055 -0.002131 0.010905 0.999000
551087 43 -12.359809 -11.958371 0.018665 -0.010397 0.089074 0.999000
551110 3156 10.753995 -11.982695 0.006598 0.007821 0.077967 0.999000
551117 861 18.224695 -11.796268 0.033924 -0.024181 0.092478 0.999000
551118 2286 18.768187 -12.067689 0.019610 -0.010333 0.092702 0.999000
551787 76 -12.101802 -10.914294 0.111567 0.070193 0.108634 0.999000
551810 3217 10.775346 -10.996424 0.004862 -0.000181 0.083803 0.999000
551817 2635 18.160463 -10.983973 0.042982 -0.052493 0.085520 0.999000
551818 172 18.551176 -11.405586 0.001794 -0.000611 0.005217 0.999000
552486 12 -12.558716 -9.821291 0.000875 0.001026 0.066162 0.999000
552487 66 -12.065215 -10.091078 0.108898 -0.083021 0.149967 0.999000
552510 3230 10.776431 -10.001655 0.004440 -0.000575 0.081986 0.999000
552516 1444 17.375671 -9.863999 0.007916 -0.000925 0.026905 0.999000
552517 1840 17.670000 -10.080078 0.013548 -0.010640 0.102656 0.999000
553186 22 -12.531881 -9.090937 0.000458 0.002492 0.086397 0.999000
553187 122 -12.357457 -8.985941 0.020463 -0.012880 0.088997 0.999000
553210 3235 10.773220 -8.994560 0.004353 -0.000170 0.082581 0.999000
553885 15 -13.597902 -8.217349 0.004113 -0.004204 0.010154 0.999000
553886 86 -12.891018 -8.138635 0.057363 0.002514 0.012813 0.999000
553887 80 -12.398731 -8.279713 0.003937 -0.002776 0.013202 0.999000
553890 69 -8.688094 -7.888406 0.011425 -0.004609 0.039744 0.993397
553891 307 -8.148061 -8.029480 0.027185 -0.008610 0.048139 0.999000
553893 30 -5.583663 -7.919911 0.004941 0.000512 0.002741 0.999000
553894 124 -5.263021 -7.948410 0.024984 0.002191 0.004400 0.999000
553895 1092 -4.033326 -7.879659 0.061495 -0.020465 0.023465 0.999000
553896 1129 -2.972853 -7.973838 0.079256 0.001887 0.005608 0.999000
553897 1354 -2.002238 -7.981458 0.078757 -0.002960 0.005330 0.999000
553898 1547 -0.929082 -7.750808 0.067931 0.005640 0.008021 0.999000
553899 1837 -0.004607 -7.740484 0.082082 -0.001230 0.004242 0.999000
553900 2527 0.996239 -7.917202 0.074924 -0.023249 0.015824 0.999000
553901 2392 1.983461 -8.047647 0.078739 -0.011079 0.005414 0.999000
553902 1990 3.031587 -8.011477 0.090009 0.010899 0.005306 0.999000
553903 2681 4.017824 -7.986279 0.083077 -0.001003 0.003872 0.999000
553904 2556 4.973488 -7.990342 0.080226 0.000109 0.004190 0.999000
553905 1809 5.988764 -7.985375 0.083378 0.000117 0.004035 0.999000
553906 1743 7.006323 -7.980647 0.082642 0.000403 0.003450 0.999000
553907 2175 8.017624 -7.986559 0.082898 -0.000262 0.004121 0.999000
553908 2549 9.011179 -7.992155 0.081982 -0.000987 0.004629 0.999000
553909 2844 10.003387 -7.987710 0.082645 0.000831 0.004806 0.999000
553910 2656 10.738856 -8.125627 0.009095 -0.004691 0.035273 0.999000
553915 605 16.339617 -7.591926 0.007745 0.001590 0.006765 0.999000
553916 606 16.661896 -7.611365 0.012169 0.001797 0.005158 0.999000
553920 9 20.601904 -7.553124 0.001711 0.000214 0.000761 0.999000
554588 32 -11.298656 -6.739756 0.002792 0.001659 0.014632 0.999000
554595 325 -4.285797 -7.195527 0.008401 0.001968 0.067737 0.999000
554596 471 -2.975758 -6.708854 0.007500 -0.002412 0.008477 0.999000
554600 636 0.802234 -6.759706 0.009911 -0.003683 0.009654 0.950510
554602 825 2.821212 -6.722102 0.009639 -0.000509 0.005658 0.999000
554604 1222 4.878491 -6.669436 0.016903 0.004296 0.010619 0.999000
554615 3993 16.123560 -6.963466 0.040747 -0.050892 0.087926 0.999000
554616 889 17.030779 -7.281157 0.079968 0.034331 0.034970 0.999000
554620 146 21.091648 -7.141919 0.068406 0.041053 0.033805 0.999000
554621 99 21.799709 -6.689667 0.037696 0.018944 0.015775 0.999000
555287 82 -12.399288 -5.668299 0.002805 -0.002079 0.011247 0.999000
555288 49 -11.077910 -5.726179 0.009741 0.018460 0.069306 0.999000
555290 104 -8.744135 -5.959273 0.013007 0.000010 0.072176 0.999000
555291 401 -8.136747 -5.964667 0.028687 -0.010059 0.060813 0.999000
555293 172 -5.571841 -6.296586 0.002791 -0.001641 0.007838 0.884272
555294 177 -5.104784 -6.044964 0.130453 0.118628 0.123226 0.999000
555295 465 -4.284588 -6.267024 0.005692 -0.002392 0.017642 0.999000
555296 537 -2.990507 -6.302574 0.008793 -0.003349 0.007870 0.999000
555304 3465 5.053616 -5.976630 0.005267 -0.000875 0.083288 0.999000
555315 3985 16.204647 -5.990819 0.027802 0.030915 0.104334 0.999000
555316 430 16.946901 -5.645459 0.085856 0.000162 0.033090 0.999000
555317 93 17.918453 -5.793849 0.124699 -0.026783 0.070147 0.999000
555318 185 19.045334 -5.682085 0.063647 -0.011021 0.009836 0.999000
555321 435 21.955942 -5.963908 0.019286 -0.031014 0.078919 0.999000
555986 7 -12.519930 -4.902538 0.000168 -0.001766 0.108673 0.999000
555987 149 -12.391908 -5.029775 0.002003 0.000799 0.079487 0.999000
555988 5 -11.039078 -5.460125 0.001044 0.000543 0.000843 0.889427
555993 11 -5.650627 -4.550653 0.005605 -0.003081 0.005126 0.999000
555995 380 -4.300970 -5.054583 0.005635 -0.001466 0.008805 0.999000
556004 4403 5.044658 -4.998795 0.004802 0.000492 0.079385 0.999000
556016 2853 16.952616 -5.334828 0.086149 0.002712 0.007669 0.999000
556017 3975 17.961748 -4.998107 0.063183 0.049259 0.053875 0.999000
556018 59 18.881058 -5.224061 0.055066 -0.080931 0.135737 0.999000
556019 72 19.969646 -5.278496 0.054319 0.054370 0.060171 0.999000
556020 297 21.237381 -4.910552 0.042587 -0.035353 0.047833 0.999000
556021 129 21.604250 -5.342362 0.005577 -0.004814 0.011601 0.999000
556684 156 -14.901780 -3.959336 0.003910 0.001216 0.062232 0.999000
556691 401 -8.098495 -3.931278 0.033517 0.001538 0.046331 0.999000
556693 89 -5.580632 -4.319932 0.004491 0.002493 0.008988 0.831800
556695 1007 -4.317731 -4.027637 0.004698 -0.002013 0.076555 0.999000
556696 723 -2.993905 -4.288196 0.009476 -0.004299 0.007303 0.999000
556704 1777 5.058011 -4.324214 0.006747 -0.000086 0.006906 0.999000
556717 2252 18.304790 -4.169694 0.011699 0.007405 0.018534 0.999000
556719 2401 19.812979 -3.714196 0.035033 0.020813 0.018097 0.999000
556720 13 20.947165 -4.456179 0.006311 0.001247 0.000534 0.999000
557389 112 -9.607703 -3.113420 0.003096 0.001631 0.015538 0.999000
557390 27 -9.451387 -2.735038 0.001247 0.006370 0.065133 0.999000
557395 1207 -4.282956 -2.795165 0.004105 -0.000097 0.026972 0.999000
557398 249 -1.005147 -2.550355 0.004828 -0.000099 0.001985 0.999000
557400 682 0.972929 -2.571151 0.007507 -0.000647 0.002438 0.999000
557419 2275 20.260105 -3.126283 0.016922 -0.001140 0.107941 0.999000
557420 2035 20.853111 -2.899914 0.046718 0.035315 0.035516 0.999000
557421 5 21.604387 -2.574859 0.003347 0.001608 0.003817 0.999000
558090 59 -8.984303 -2.158196 0.135151 0.070580 0.050448 0.999000
558091 173 -8.028129 -1.866441 0.020307 0.006910 0.035197 0.999000
558095 775 -4.283641 -1.721633 0.003393 -0.002083 0.028237 0.999000
558096 995 -3.044333 -2.277209 0.004346 -0.001297 0.010929 0.999000
558098 912 -1.057323 -2.378410 0.009476 -0.000967 0.005153 0.999000
558100 853 0.927012 -2.416912 0.007544 -0.000466 0.002924 0.999000
558102 1345 2.947265 -2.354237 0.008266 0.000117 0.007246 0.999000
558104 1737 4.970225 -2.358675 0.008998 0.000920 0.006129 0.999000
558111 1362 12.357026 -1.817258 0.014749 -0.011614 0.052266 0.999000
558112 3410 12.941890 -1.921978 0.089700 0.044165 0.035772 0.999000
558113 352 13.597386 -1.563903 0.006383 0.001370 0.002577 0.999000
558120 2712 21.101938 -2.082561 0.047555 0.024646 0.031760 0.999000
558121 1534 21.983448 -1.881550 0.107025 -0.012777 0.019525 0.999000
558122 875 22.687084 -1.634851 0.020307 0.007818 0.009117 0.999000
558795 1654 -4.262907 -0.856440 0.003751 0.005207 0.067962 0.999000
558811 2986 11.895472 -0.993731 0.043380 -0.050611 0.084731 0.999000
558812 808 13.388791 -0.724893 0.005906 -0.004649 0.049631 0.999000
558813 2308 13.720243 -1.179278 0.014825 -0.015676 0.048099 0.999000
558822 2322 23.173580 -1.041116 0.039916 0.026137 0.102254 0.999000
558823 355 23.763813 -0.793732 0.044186 0.018611 0.027166 0.999000
559487 20 -11.946071 0.412079 0.077602 0.003313 0.005200 0.999000
559490 33 -8.712057 0.139487 0.012825 -0.001217 0.061387 0.999000
559491 109 -8.124294 0.165106 0.033161 -0.000019 0.058082 0.999000
559495 2643 -4.228442 -0.008118 0.002523 0.000575 0.081865 0.999000
559512 2504 12.922116 -0.050915 0.051019 -0.044090 0.055733 0.999000
559522 402 23.369469 -0.202800 0.016420 0.014534 0.032636 0.999000
559523 1176 23.848795 0.005346 0.081254 0.040652 0.068922 0.999000
559524 89 24.750242 0.284138 0.033069 0.006327 0.019665 0.999000
560187 36 -12.041476 0.602212 0.094944 0.008412 0.003846 0.999000
560190 5 -8.671913 0.539763 0.014383 -0.001101 0.000460 0.999000
560191 29 -8.187757 0.535371 0.040886 0.000010 0.000518 0.993397
560195 1587 -4.029888 0.777885 0.062223 0.015921 0.016878 0.999000
560196 5015 -2.903116 0.995490 0.041831 0.015598 0.019854 0.999000
560222 1273 23.110382 1.186557 0.034124 -0.024580 0.040825 0.999000
560223 297 23.924738 0.938913 0.061276 -0.037175 0.032349 0.999000
560224 443 24.901976 0.807922 0.056485 0.039285 0.033627 0.999000
560225 46 25.582163 1.273255 0.002964 0.000000 0.003436 0.999000
560895 127 -3.838298 2.242964 0.096829 0.021965 0.019197 0.999000
560896 604 -2.964032 1.885579 0.082162 -0.075915 0.094190 0.999000
560921 1166 22.229450 2.214520 0.016702 -0.010047 0.030225 0.999000
560922 1083 22.725670 1.766619 0.017553 -0.016130 0.028092 0.999000
560926 38 26.898687 2.362309 0.023800 -0.004184 0.008344 0.999000
561587 18 -12.391104 2.826675 0.002492 -0.001429 0.004415 0.999000
561595 793 -4.169366 3.071639 0.032698 -0.024684 0.079265 0.999000
561620 75 21.461847 3.267305 0.001286 -0.000869 0.008209 0.966129
561621 2247 21.814247 3.055802 0.036649 -0.037674 0.083892 0.999000
561626 44 26.779612 2.777654 0.011160 -0.003789 0.025438 0.999000
562295 941 -4.157156 3.937800 0.039065 -0.010296 0.079446 0.999000
562296 17 -3.469366 3.818073 0.000326 -0.000351 0.000827 0.999000
562307 3578 7.999997 3.990876 0.102067 -0.047903 0.041496 0.999000
562308 2886 8.964390 3.998101 0.086231 0.060172 0.049659 0.999000
562309 461 9.614668 4.409336 0.005032 0.001750 0.003699 0.999000
562316 2128 16.942331 4.262463 0.013340 -0.003078 0.024345 0.999000
562321 1959 21.915579 3.926981 0.029511 -0.019816 0.111210 0.999000
562322 10 22.802629 4.374923 0.016967 0.004374 0.004805 0.999000
562995 834 -4.142438 4.955933 0.063581 -0.008415 0.072946 0.999000
562996 48 -3.441376 4.968602 0.001171 0.000579 0.004689 0.999000
563006 698 7.420474 5.163119 0.003279 -0.000020 0.091416 0.999000
563007 804 7.607428 4.968724 0.006130 -0.010292 0.047787 0.999000
563008 126 9.364588 4.867985 0.020059 0.001162 0.024359 0.940364
563009 1700 9.969152 5.035208 0.098494 0.028118 0.042016 0.999000
563010 1755 11.038942 5.195057 0.102556 -0.013828 0.027051 0.999000
563011 2107 11.951212 5.176465 0.071052 0.041770 0.029770 0.999000
563012 16 12.544430 5.469059 0.000818 0.000310 0.000917 0.999000
563021 1938 21.626488 4.926048 0.006000 -0.005945 0.063387 0.999000
563022 94 23.123882 4.933517 0.035659 0.020260 0.107265 0.999000
563023 28 23.840197 4.978955 0.123897 0.052920 0.036937 0.999000
563024 5 24.530830 5.224472 0.000407 0.002004 0.050764 0.999000
563695 1111 -3.866290 5.933379 0.058890 0.036733 0.067399 0.999000
563696 7 -3.480251 6.135826 0.000249 0.001154 0.020785 0.999000
563705 595 5.830436 6.422075 0.015279 -0.000641 0.003282 0.999000
563706 2425 7.038847 5.998723 0.044735 -0.056927 0.081338 0.999000
563709 149 10.103194 5.595768 0.018481 0.006656 0.005630 0.999000
563710 158 11.055820 5.715318 0.013235 -0.017935 0.040005 0.999000
563711 265 12.398273 5.765817 0.010179 -0.009024 0.103527 0.999000
563712 2727 12.983848 6.089600 0.071840 0.060834 0.082551 0.999000
563714 883 15.355792 6.353872 0.017486 -0.000795 0.009459 0.999000
563720 1247 21.373907 5.697015 0.006563 0.002795 0.012276 0.999000
563721 2636 21.888735 6.099968 0.079990 0.045656 0.038482 0.993899
563722 354 22.691198 6.013557 0.019911 -0.025519 0.046348 0.999000
564395 705 -3.816688 7.028419 0.021474 -0.023873 0.109819 0.999000
564404 1338 5.274896 7.169828 0.023104 -0.018678 0.038005 0.999000
564405 1873 5.945326 6.682724 0.102497 -0.008837 0.012980 0.999000
564406 471 6.621735 6.609325 0.005864 -0.002650 0.006478 0.999000
564411 83 12.166569 6.798241 0.075838 -0.008787 0.046366 0.999000
564412 996 13.100616 6.876626 0.075550 0.010704 0.067294 0.999000
564413 1778 13.863289 7.267325 0.031046 0.022290 0.021877 0.999000
564421 867 22.363228 6.642148 0.006865 0.003257 0.007201 0.999000
564422 2589 22.965113 7.081960 0.066404 0.048291 0.049679 0.999000
565095 758 -3.753748 7.864037 0.031501 -0.000181 0.047727 0.999000
565096 1203 -3.121069 8.181638 0.047435 0.026828 0.033452 0.999000
565097 1014 -1.855395 8.285099 0.052773 -0.005979 0.007226 0.999000
565098 1561 -0.998054 8.263783 0.082506 -0.000512 0.004896 0.999000
565099 1087 -0.126705 8.325052 0.080204 0.024258 0.015840 0.999000
565100 641 0.927701 8.450198 0.063479 -0.000100 0.002243 0.999000
565101 54 1.992810 8.359642 0.087828 -0.007476 0.011405 0.999000
565102 550 3.223173 8.430095 0.037475 0.003777 0.006140 0.999000
565103 1196 4.035541 8.420946 0.092553 -0.006142 0.008291 0.999000
565104 1599 4.806809 7.915046 0.031092 -0.040347 0.065090 0.999000
565105 18 5.908991 7.564060 0.002819 0.000289 0.001580 0.999000
565112 91 13.074461 7.796957 0.077892 0.076935 0.104756 0.999000
565113 2631 13.921009 7.965243 0.037620 0.017421 0.095922 0.999000
565114 942 14.592434 8.308970 0.002639 0.000352 0.005564 0.999000
565121 828 22.398664 8.371215 0.005383 -0.003507 0.008826 0.999000
565122 2696 22.799978 7.914225 0.040085 -0.039951 0.056745 0.999000
565796 480 -2.790709 8.554591 0.031025 0.000780 0.001810 0.999000
565797 281 -2.294321 8.564070 0.029821 -0.000698 0.001748 0.999000
565798 33 -0.992568 8.554891 0.095163 -0.000398 0.000680 0.999000
565799 764 0.126728 8.560609 0.056434 -0.000474 0.001931 0.999000
565800 1267 1.050922 8.586764 0.083496 0.010182 0.004953 0.999000
565801 2026 2.005170 8.656034 0.082935 -0.000103 0.003604 0.999000
565802 1622 2.935469 8.616797 0.076398 -0.010834 0.004941 0.999000
565803 912 3.938822 8.551731 0.070160 -0.000187 0.001493 0.999000
565813 1765 14.339656 8.846180 0.019682 0.003900 0.060305 0.999000
565814 2497 14.792018 9.166235 0.042841 0.044771 0.063751 0.999000
565820 12 21.469585 9.466970 0.000101 0.000107 0.001226 0.999000
565821 4286 21.978973 9.010960 0.045702 -0.056968 0.081730 0.999000
566512 58 13.435887 10.329477 0.004034 -0.004411 0.010422 0.999000
566513 892 14.084618 10.101047 0.113145 0.004839 0.091378 0.999000
566514 3029 15.137919 9.821561 0.062828 -0.027408 0.058265 0.999000
566516 1489 16.719387 10.409304 0.004431 0.000672 0.002817 0.998456
566520 3473 21.214748 10.069809 0.031600 -0.037684 0.058782 0.999000
566521 764 21.578730 9.613031 0.003291 -0.002051 0.007360 0.999000
567212 117 13.029632 11.116914 0.036845 -0.058403 0.122931 0.999000
567213 55 14.116126 10.559213 0.006203 -0.000305 0.002329 0.999000
567214 2620 14.843201 10.862311 0.015033 0.003776 0.043047 0.999000
567218 518 18.729342 11.457960 0.002512 0.000255 0.001082 0.999000
567219 1465 20.321529 11.326543 0.010716 -0.008315 0.012781 0.999000
567220 2051 20.825092 10.943948 0.030986 -0.003522 0.066022 0.999000
567911 340 12.124819 12.184470 0.035175 -0.034655 0.041546 0.998496
567912 1096 13.322336 11.951680 0.031254 0.021813 0.071624 0.999000
567913 1170 13.798802 12.194160 0.052323 0.018951 0.032411 0.999000
567917 3307 18.282419 12.087973 0.019096 -0.024494 0.038326 0.999000
567918 3958 18.829235 11.705054 0.075387 0.020279 0.018825 0.999000
567919 3338 19.921038 11.875189 0.034418 -0.034048 0.045158 0.999000
568610 68 11.436726 13.104694 0.002170 -0.002021 0.006462 0.999000
568612 205 13.458426 12.930237 0.000953 -0.000328 0.005257 0.999000
568619 33 20.324289 12.643375 0.002891 0.000053 0.001786 0.999000
569310 38 11.152465 13.644434 0.003567 0.000673 0.002234 0.999000
569311 1378 12.119241 14.110216 0.054272 0.016298 0.025629 0.999000
569318 144 18.659847 14.189848 0.007149 -0.002048 0.004534 0.999000
570009 27 10.458061 14.752703 0.000983 0.000428 0.001908 0.999000
570010 988 11.063307 15.234092 0.060596 0.044025 0.036663 0.999000
570011 356 12.289043 14.685706 0.048763 -0.047643 0.052289 0.999000
570016 249 17.433445 15.254938 0.004563 -0.003483 0.011669 0.999000
570017 1232 17.712513 14.908802 0.016910 -0.020428 0.034757 0.999000
570029 13 29.672981 15.413529 0.003609 -0.001204 0.001453 0.999000
570710 206 11.426767 15.560658 0.003556 0.000846 0.002151 0.999000
570711 2816 12.025374 15.939875 0.081272 0.058955 0.047627 0.999000
570712 943 12.661045 16.384661 0.011204 0.005021 0.005975 0.999000
570715 14 16.458920 16.427950 0.001882 -0.000079 0.006636 0.999000
570716 1897 16.988224 15.976781 0.058911 -0.055852 0.081363 0.999000
571412 2430 13.139855 16.714577 0.050497 0.022546 0.014366 0.999000
571413 2802 13.915680 17.194647 0.068016 0.042598 0.032048 0.999000
571414 892 14.681031 17.384205 0.011728 0.003749 0.004801 0.999000
571415 1176 16.210344 16.990963 0.037038 -0.038752 0.055956 0.999000
571416 259 16.560137 16.844580 0.002381 0.001116 0.089097 0.999000
572113 251 14.323736 17.544792 0.006973 0.000595 0.001112 0.999000
572114 1706 15.137057 17.743160 0.042324 0.027131 0.021888 0.999000
572115 512 15.670026 17.993397 0.019729 0.007223 0.009570 0.999000
