0.000000 0.000000 0.000000 0.000000 0.000000 0.000000 1.000000
0.544439 0.000000 0.000000 0.000000 0.000000 0.000000 1.000000
1.081927 0.000244 0.000000 0.000000 0.000000 0.000778 1.000000
1.606894 0.003296 0.000000 0.000000 0.000000 0.005260 0.999986
2.144123 0.016688 0.000000 0.000000 0.000000 0.023959 0.999713
2.680057 0.056282 0.000000 0.000000 0.000000 0.049779 0.998760
3.201174 0.120650 0.000000 0.000000 0.000000 0.070340 0.997523
3.733265 0.196531 0.000000 0.000000 0.000000 0.069734 0.997566
4.266270 0.264884 0.000000 0.000000 0.000000 0.051419 0.998677
4.790160 0.296619 0.000000 0.000000 0.000000 0.006552 0.999979
5.327005 0.276304 0.000000 0.000000 0.000000 -0.044579 0.999006
5.859027 0.200969 0.000000 0.000000 0.000000 -0.095956 0.995386
6.368495 0.074929 0.000000 0.000000 0.000000 -0.145891 0.989301
6.874152 -0.106419 0.000000 0.000000 0.000000 -0.196621 0.980480
7.358562 -0.338800 0.000000 0.000000 0.000000 -0.246836 0.969057
7.806189 -0.612715 0.000000 0.000000 0.000000 -0.295253 0.955419
8.233516 -0.938218 0.000000 0.000000 0.000000 -0.344039 0.938955
8.625303 -1.306083 0.000000 0.000000 0.000000 -0.391935 0.919993
8.969342 -1.702307 0.000000 0.000000 0.000000 -0.437697 0.899122
9.278568 -2.141751 0.000000 0.000000 0.000000 -0.483411 0.875394
9.540924 -2.610518 0.000000 0.000000 0.000000 -0.527829 0.849350
9.749866 -3.091840 0.000000 0.000000 0.000000 -0.565923 0.824458
9.934687 -3.596508 0.000000 0.000000 0.000000 -0.574815 0.818283
10.129446 -4.097469 0.000000 0.000000 0.000000 -0.548934 0.835865
10.358238 -4.569826 0.000000 0.000000 0.000000 -0.512582 0.858638
10.635057 -5.030294 0.000000 0.000000 0.000000 -0.471817 0.881696
10.953784 -5.462954 0.000000 0.000000 0.000000 -0.430009 0.902825
11.302794 -5.854875 0.000000 0.000000 0.000000 -0.388269 0.921546
11.695618 -6.221307 0.000000 0.000000 0.000000 -0.344701 0.938712
12.120929 -6.549724 0.000000 0.000000 0.000000 -0.301935 0.953329
12.558360 -6.840181 0.000000 0.000000 0.000000 -0.277226 0.960805
13.015982 -7.122095 0.000000 0.000000 0.000000 -0.276810 0.960925
13.460744 -7.423506 0.000000 0.000000 0.000000 -0.310979 0.950417
13.871491 -7.750287 0.000000 0.000000 0.000000 -0.349415 0.936968
14.260377 -8.120992 0.000000 0.000000 0.000000 -0.394663 0.918826
14.610262 -8.528818 0.000000 0.000000 0.000000 -0.440403 0.897800
14.910577 -8.959149 0.000000 0.000000 0.000000 -0.484444 0.874822
15.171839 -9.428632 0.000000 0.000000 0.000000 -0.528839 0.848722
15.383423 -9.922357 0.000000 0.000000 0.000000 -0.571822 0.820378
15.540013 -10.423171 0.000000 0.000000 0.000000 -0.612346 0.790590
15.647413 -10.949734 0.000000 0.000000 0.000000 -0.652245 0.758008
15.700113 -11.484493 0.000000 0.000000 0.000000 -0.690408 0.723420
15.698218 -12.009150 0.000000 0.000000 0.000000 -0.725904 0.687796
15.641694 -12.543349 0.000000 0.000000 0.000000 -0.760344 0.649520
15.530545 -13.069035 0.000000 0.000000 0.000000 -0.792776 0.609513
15.370362 -13.568726 0.000000 0.000000 0.000000 -0.822420 0.568881
15.155335 -14.061124 0.000000 0.000000 0.000000 -0.850305 0.526290
14.900942 -14.534527 0.000000 0.000000 0.000000 -0.860316 0.509761
14.665372 -14.999817 0.000000 0.000000 0.000000 -0.837484 0.546461
14.485139 -15.493299 0.000000 0.000000 0.000000 -0.800626 0.599164
14.369663 -16.005850 0.000000 0.000000 0.000000 -0.760454 0.649392
14.321294 -16.516853 0.000000 0.000000 0.000000 -0.718171 0.695867
14.338554 -17.042204 0.000000 0.000000 0.000000 -0.671931 0.740614
14.423030 -17.560833 0.000000 0.000000 0.000000 -0.622926 0.782281
14.569150 -18.052843 0.000000 0.000000 0.000000 -0.572572 0.819854
14.769433 -18.512293 0.000000 0.000000 0.000000 -0.524196 0.851598
