0.000000 0.000000
0.505102 0.000000
1.042611 0.000000
1.567633 0.000000
2.105138 0.000000
2.642637 0.000000
3.167594 0.002589
3.703008 0.046710
4.229329 0.154092
4.727512 0.318823
5.214428 0.545638
5.676924 0.819364
6.112052 1.113003
6.548144 1.427031
6.979646 1.747464
7.400542 2.061351
7.831421 2.382683
8.262306 2.704018
8.688516 3.010361
9.142261 3.298403
9.612777 3.558286
10.086613 3.783833
10.585017 3.985217
11.091596 4.164827
11.586708 4.339272
12.093530 4.517844
12.600604 4.696504
13.095923 4.871022
13.602790 5.049609
14.109720 5.228219
14.604827 5.402662
15.111660 5.581823
15.611642 5.778688
16.074376 6.017704
16.486000 6.303737
16.885665 6.691229
17.231937 7.102281
17.588796 7.491880
18.025354 7.750494
18.519939 7.831818
19.009290 7.722088
19.421476 7.415828
19.672908 6.963693
19.727924 6.445462
19.580279 5.906784
19.336078 5.428533
19.033346 4.984887
18.689831 4.603032
18.282556 4.262618
17.834228 3.966418
17.391495 3.684135
16.940448 3.391868
16.500669 3.083207
16.100635 2.744512
15.755979 2.369013
15.467716 1.949542
15.242467 1.499766
15.073449 1.003452
14.958613 0.478551
14.882598 -0.040847
14.801610 -0.572112
14.678603 -1.095062
14.497403 -1.587519
14.251586 -2.065193
14.001633 -2.540960
13.805968 -3.027800
13.663289 -3.545730
13.580937 -4.076394
13.559844 -4.600795
13.599073 -5.136539
13.699443 -5.664464
13.853089 -6.166135
14.051054 -6.665785
14.273538 -7.155005
14.511789 -7.622836
14.776566 -8.090500
15.061989 -8.545926
15.356947 -8.980239
15.643498 -9.434283
15.858210 -9.934206
15.925054 -10.429733
15.798891 -10.925680
15.475700 -11.328059
15.014842 -11.561789
14.490974 -11.583911
14.018345 -11.401332
13.620939 -11.076645
13.282863 -10.690974
12.995513 -10.251232
12.767329 -9.768044
12.597381 -9.271559
12.454702 -8.753419
12.321958 -8.232503
12.190769 -7.724163
12.043367 -7.207333
11.862674 -6.701220
11.634849 -6.228565
11.349452 -5.773479
11.014864 -5.353238
10.644466 -4.981489
10.225538 -4.645314
9.771468 -4.358127
9.299651 -4.128591
8.793511 -3.948520
8.270414 -3.825985
7.751095 -3.749081
7.216515 -3.693579
6.680263 -3.656660
6.156399 -3.622600
5.619950 -3.587722
5.083547 -3.553947
4.559307 -3.526249
4.022327 -3.504269
3.485031 -3.489243
2.960108 -3.493268
2.423328 -3.522344
1.888079 -3.569796
1.365206 -3.617960
0.830125 -3.667248
0.294610 -3.715277
-0.217353 -3.729458
-0.739374 -3.632666
-1.182979 -3.381090
-1.520738 -3.004387
-1.757267 -2.538439
-1.918576 -2.044601
-2.004478 -1.533697
-1.994501 -1.004791
-1.841237 -0.523725
-1.525677 -0.120562
-1.084954 0.195718
-0.588353 0.393077
