0.000000 0.000000 0.000000 0.000000 0.000000 0.000000 1.000000
0.056802 -0.002221 0.000000 0.000000 0.000000 -0.044490 0.999010
0.119702 -0.010895 0.000000 0.000000 0.000000 -0.099935 0.994994
0.177551 -0.026223 0.000000 0.000000 0.000000 -0.165071 0.986282
0.230516 -0.048073 0.000000 0.000000 0.000000 -0.230241 0.973134
0.280924 -0.077420 0.000000 0.000000 0.000000 -0.297715 0.954655
0.326216 -0.113138 0.000000 0.000000 0.000000 -0.363587 0.931560
0.367095 -0.155770 0.000000 0.000000 0.000000 -0.424430 0.905461
0.409822 -0.213902 0.000000 0.000000 0.000000 -0.480358 0.877072
0.457082 -0.296337 0.000000 0.000000 0.000000 -0.520070 0.854124
0.690548 -0.793149 0.000000 0.000000 0.000000 -0.555211 0.831709
0.734973 -0.917201 0.000000 0.000000 0.000000 -0.601762 0.798675
0.763950 -1.043770 0.000000 0.000000 0.000000 -0.648676 0.761065
0.778177 -1.174936 0.000000 0.000000 0.000000 -0.690002 0.723807
0.778269 -1.305690 0.000000 0.000000 0.000000 -0.725560 0.688159
0.765705 -1.436331 0.000000 0.000000 0.000000 -0.757202 0.653181
0.739517 -1.569556 0.000000 0.000000 0.000000 -0.791506 0.611162
0.699017 -1.698247 0.000000 0.000000 0.000000 -0.822938 0.568131
0.646359 -1.820988 0.000000 0.000000 0.000000 -0.848966 0.528448
0.581428 -1.940206 0.000000 0.000000 0.000000 0.872902 -0.487896
0.503411 -2.054165 0.000000 0.000000 0.000000 0.898316 -0.439350
0.409882 -2.163291 0.000000 0.000000 0.000000 0.918547 -0.395312
0.193566 -2.371597 0.000000 0.000000 0.000000 0.935868 -0.352352
0.026376 -2.506316 0.000000 0.000000 0.000000 0.951948 -0.306259
-0.078093 -2.575360 0.000000 0.000000 0.000000 0.964801 -0.262982
-0.176765 -2.628139 0.000000 0.000000 0.000000 0.976297 -0.216434
-0.264749 -2.664959 0.000000 0.000000 0.000000 0.985151 -0.171688
-0.374958 -2.698848 0.000000 0.000000 0.000000 0.992761 -0.120107
-0.482922 -2.720395 0.000000 0.000000 0.000000 0.997263 -0.073940
-0.614097 -2.734361 0.000000 0.000000 0.000000 0.999628 -0.027263
-0.721534 -2.736089 0.000000 0.000000 0.000000 0.999861 0.016675
-0.822116 -2.728387 0.000000 0.000000 0.000000 0.997798 0.066325
-0.919822 -2.710716 0.000000 0.000000 0.000000 0.993062 0.117591
-1.027839 -2.679713 0.000000 0.000000 0.000000 0.986392 0.164412
