0.000000 0.000000 0.000000 0.000000 0.000000 0.000000 1.000000
0.512020 -0.018316 0.000000 0.000000 0.000000 -0.041320 0.999146
0.679637 -0.035495 0.000000 0.000000 0.000000 -0.087159 0.996194
0.759146 -0.053239 0.000000 0.000000 0.000000 -0.132712 0.991155
0.948475 -0.117279 0.000000 0.000000 0.000000 -0.181854 0.983326
1.448847 -0.292270 0.000000 0.000000 0.000000 -0.140157 0.990129
1.843139 -0.421730 0.000000 0.000000 0.000000 -0.193731 0.981055
2.013258 -0.500029 0.000000 0.000000 0.000000 -0.241369 0.970433
2.176095 -0.596200 0.000000 0.000000 0.000000 -0.288922 0.957353
2.381139 -0.748866 0.000000 0.000000 0.000000 -0.343848 0.939025
2.524547 -0.882116 0.000000 0.000000 0.000000 -0.391237 0.920290
2.651540 -1.025776 0.000000 0.000000 0.000000 -0.431979 0.901884
2.801384 -1.233418 0.000000 0.000000 0.000000 -0.484558 0.874759
2.898601 -1.405243 0.000000 0.000000 0.000000 -0.524229 0.851577
3.018019 -1.677934 0.000000 0.000000 0.000000 -0.572652 0.819798
3.079208 -1.868478 0.000000 0.000000 0.000000 -0.607880 0.794029
3.137154 -2.128153 0.000000 0.000000 0.000000 -0.643433 0.765502
3.166836 -2.358735 0.000000 0.000000 0.000000 -0.679918 0.733288
3.174614 -2.607458 0.000000 0.000000 0.000000 -0.712260 0.701916
3.160227 -2.858745 0.000000 0.000000 0.000000 -0.743650 0.668569
3.115343 -3.155886 0.000000 0.000000 0.000000 -0.773713 0.633536
3.016516 -3.553047 0.000000 0.000000 0.000000 -0.800794 0.598939
2.868121 -4.053928 0.000000 0.000000 0.000000 -0.799973 0.600036
2.722195 -4.552949 0.000000 0.000000 0.000000 -0.800535 0.599286
2.553810 -5.094775 0.000000 0.000000 0.000000 -0.808352 0.588699
2.379844 -5.595289 0.000000 0.000000 0.000000 -0.822433 0.568862
2.196797 -6.023327 0.000000 0.000000 0.000000 -0.846767 0.531964
1.960823 -6.467843 0.000000 0.000000 0.000000 0.867511 -0.497417
1.694699 -6.894051 0.000000 0.000000 0.000000 0.882716 -0.469907
1.399922 -7.310205 0.000000 0.000000 0.000000 0.890581 -0.454824
1.095242 -7.733660 0.000000 0.000000 0.000000 0.890452 -0.455076
0.789240 -8.156582 0.000000 0.000000 0.000000 0.889720 -0.456506
0.491659 -8.564276 0.000000 0.000000 0.000000 0.892428 -0.451189
0.193241 -8.969988 0.000000 0.000000 0.000000 0.891270 -0.453472
-0.103070 -9.382439 0.000000 0.000000 0.000000 0.888343 -0.459181
-0.389693 -9.797788 0.000000 0.000000 0.000000 0.882834 -0.469684
-0.669754 -10.219596 0.000000 0.000000 0.000000 0.879477 -0.475941
-0.940894 -10.642491 0.000000 0.000000 0.000000 0.875233 -0.483702
-1.209572 -11.069212 0.000000 0.000000 0.000000 0.875383 -0.483430
-1.474850 -11.495485 0.000000 0.000000 0.000000 0.874963 -0.484191
-1.756031 -11.927767 0.000000 0.000000 0.000000 0.887842 -0.460148
-2.071240 -12.336583 0.000000 0.000000 0.000000 0.902375 -0.430951
-2.387733 -12.727980 0.000000 0.000000 0.000000 0.903273 -0.429067
-2.707720 -13.120892 0.000000 0.000000 0.000000 0.900196 -0.435485
-3.041540 -13.549684 0.000000 0.000000 0.000000 0.895802 -0.444453
-3.340918 -13.953935 0.000000 0.000000 0.000000 0.891311 -0.453393
-3.638662 -14.363210 0.000000 0.000000 0.000000 0.891808 -0.452415
-3.957487 -14.794161 0.000000 0.000000 0.000000 0.894366 -0.447336
-4.279437 -15.225307 0.000000 0.000000 0.000000 0.890713 -0.454566
-4.578254 -15.628981 0.000000 0.000000 0.000000 0.899208 -0.437521
-4.897937 -16.021472 0.000000 0.000000 0.000000 0.902879 -0.429894
-5.228950 -16.433399 0.000000 0.000000 0.000000 0.901377 -0.433035
-5.549681 -16.846508 0.000000 0.000000 0.000000 0.895747 -0.444565
-5.858538 -17.244561 0.000000 0.000000 0.000000 0.900517 -0.434820
-6.167082 -17.642375 0.000000 0.000000 0.000000 0.893808 -0.448450
-6.465378 -18.047966 0.000000 0.000000 0.000000 0.890092 -0.455782
-6.758047 -18.456298 0.000000 0.000000 0.000000 0.890755 -0.454484
-6.999718 -18.768690 0.000000 0.000000 0.000000 0.910007 -0.414593
-7.227868 -19.007615 0.000000 0.000000 0.000000 0.928594 -0.371097
-7.433057 -19.187262 0.000000 0.000000 0.000000 0.944163 -0.329478
-7.618521 -19.322501 0.000000 0.000000 0.000000 0.958025 -0.286683
-7.756036 -19.405504 0.000000 0.000000 0.000000 0.969757 -0.244073
-7.958566 -19.501069 0.000000 0.000000 0.000000 0.981664 -0.190620
-8.139425 -19.565291 0.000000 0.000000 0.000000 0.989523 -0.144375
-8.295728 -19.605048 0.000000 0.000000 0.000000 0.995171 -0.098155
-8.455688 -19.629950 0.000000 0.000000 0.000000 0.998648 -0.051975
-8.650811 -19.641794 0.000000 0.000000 0.000000 0.999968 -0.008052
-8.846027 -19.636363 0.000000 0.000000 0.000000 0.999092 0.042596
-9.006091 -19.615963 0.000000 0.000000 0.000000 0.996111 0.088113
-9.225507 -19.564564 0.000000 0.000000 0.000000 0.989569 0.144059
-9.411940 -19.500415 0.000000 0.000000 0.000000 0.981846 0.189682
-9.615301 -19.407420 0.000000 0.000000 0.000000 0.971077 0.238767
-9.824402 -19.283521 0.000000 0.000000 0.000000 0.956273 0.292475
-10.229671 -18.980388 0.000000 0.000000 0.000000 0.944046 0.329814
-10.618807 -18.655733 0.000000 0.000000 0.000000 0.938065 0.346459
-11.007724 -18.321158 0.000000 0.000000 0.000000 0.939967 0.341264
-11.398493 -18.000006 0.000000 0.000000 0.000000 0.941648 0.336600
-11.819717 -17.663286 0.000000 0.000000 0.000000 0.945584 0.325379
-12.215821 -17.355459 0.000000 0.000000 0.000000 0.944652 0.328074
-12.630822 -17.022008 0.000000 0.000000 0.000000 0.939077 0.343706
-13.025276 -16.662093 0.000000 0.000000 0.000000 0.929771 0.368139
-13.398630 -16.316336 0.000000 0.000000 0.000000 0.934615 0.355661
-13.779663 -15.976838 0.000000 0.000000 0.000000 0.934863 0.355009
-14.162397 -15.643913 0.000000 0.000000 0.000000 0.937715 0.347406
-14.546824 -15.312895 0.000000 0.000000 0.000000 0.936247 0.351343
-14.932924 -14.983432 0.000000 0.000000 0.000000 0.939360 0.342932
-15.314643 -14.653812 0.000000 0.000000 0.000000 0.936647 0.350276
-15.710274 -14.314359 0.000000 0.000000 0.000000 0.941042 0.338290
-16.126865 -13.972446 0.000000 0.000000 0.000000 0.942149 0.335195
-16.534546 -13.645216 0.000000 0.000000 0.000000 0.942942 0.332958
-16.930655 -13.322750 0.000000 0.000000 0.000000 0.942058 0.335451
-17.326428 -13.008211 0.000000 0.000000 0.000000 0.944093 0.329679
-17.720239 -12.693657 0.000000 0.000000 0.000000 0.944094 0.329677
-18.115597 -12.359889 0.000000 0.000000 0.000000 0.932806 0.360379
-18.515735 -11.974686 0.000000 0.000000 0.000000 0.927088 0.374845
-18.886098 -11.624597 0.000000 0.000000 0.000000 0.929810 0.368041
-19.269563 -11.270714 0.000000 0.000000 0.000000 0.934076 0.357076
-19.663233 -10.926605 0.000000 0.000000 0.000000 0.936830 0.349786
-20.050741 -10.600324 0.000000 0.000000 0.000000 0.942473 0.334282
-20.441951 -10.282767 0.000000 0.000000 0.000000 0.942371 0.334570
-20.846926 -9.950316 0.000000 0.000000 0.000000 0.938431 0.345465
-21.225059 -9.589438 0.000000 0.000000 0.000000 0.923679 0.383168
-21.592665 -9.226673 0.000000 0.000000 0.000000 0.923742 0.383016
-21.949916 -8.863703 0.000000 0.000000 0.000000 0.920716 0.390233
