0.000000 0.000000 0.000000 0.000000 0.000000 0.000000 1.000000
0.491186 0.010264 0.000000 0.000000 0.000000 0.044765 0.998998
0.713743 0.040380 0.000000 0.000000 0.000000 0.088637 0.996064
1.207244 0.145097 0.000000 0.000000 0.000000 0.114259 0.993451
1.646020 0.229973 0.000000 0.000000 0.000000 0.066556 0.997783
1.934986 0.256687 0.000000 0.000000 0.000000 0.020262 0.999795
2.258563 0.255225 0.000000 0.000000 0.000000 -0.024424 0.999702
2.620111 0.221943 0.000000 0.000000 0.000000 -0.070283 0.997527
3.013916 0.148204 0.000000 0.000000 0.000000 -0.115048 0.993360
3.521557 0.003515 0.000000 0.000000 0.000000 -0.159656 0.987173
3.857233 -0.124244 0.000000 0.000000 0.000000 -0.202952 0.979189
4.201682 -0.289130 0.000000 0.000000 0.000000 -0.252070 0.967709
4.320763 -0.361798 0.000000 0.000000 0.000000 -0.298743 0.954334
4.396968 -0.419745 0.000000 0.000000 0.000000 -0.347495 0.937682
4.463490 -0.482613 0.000000 0.000000 0.000000 -0.397581 0.917567
4.525175 -0.554804 0.000000 0.000000 0.000000 -0.444594 0.895732
4.580570 -0.635109 0.000000 0.000000 0.000000 -0.489552 0.871974
4.628529 -0.721745 0.000000 0.000000 0.000000 -0.529965 0.848020
4.680622 -0.841815 0.000000 0.000000 0.000000 -0.568705 0.822541
4.741474 -1.033165 0.000000 0.000000 0.000000 -0.608778 0.793341
4.870566 -1.526915 0.000000 0.000000 0.000000 -0.612867 0.790186
4.949583 -1.907447 0.000000 0.000000 0.000000 -0.649226 0.760596
4.995059 -2.290262 0.000000 0.000000 0.000000 -0.684451 0.729059
5.000908 -2.616202 0.000000 0.000000 0.000000 -0.718247 0.695788
4.958398 -3.115033 0.000000 0.000000 0.000000 -0.738743 0.673988
4.922243 -3.616210 0.000000 0.000000 0.000000 -0.726392 0.687280
4.906051 -4.146866 0.000000 0.000000 0.000000 -0.707756 0.706457
4.927469 -4.656543 0.000000 0.000000 0.000000 -0.682996 0.730423
4.971690 -5.161600 0.000000 0.000000 0.000000 -0.665624 0.746288
5.006452 -5.587097 0.000000 0.000000 0.000000 -0.698934 0.715186
4.998095 -5.944277 0.000000 0.000000 0.000000 -0.730857 0.682530
4.937796 -6.506000 0.000000 0.000000 0.000000 -0.758864 0.651249
4.837947 -7.027623 0.000000 0.000000 0.000000 -0.783977 0.620789
4.708168 -7.538609 0.000000 0.000000 0.000000 -0.797020 0.603953
4.544389 -8.041304 0.000000 0.000000 0.000000 -0.814273 0.580482
4.339570 -8.564636 0.000000 0.000000 0.000000 -0.837590 0.546300
4.109092 -9.039698 0.000000 0.000000 0.000000 -0.855104 0.518456
3.855085 -9.477389 0.000000 0.000000 0.000000 0.875982 -0.482343
3.571192 -9.903837 0.000000 0.000000 0.000000 0.892200 -0.451641
3.275296 -10.276633 0.000000 0.000000 0.000000 0.912416 -0.409263
3.020248 -10.537077 0.000000 0.000000 0.000000 0.930028 -0.367490
2.632919 -10.873471 0.000000 0.000000 0.000000 0.940060 -0.341009
2.232895 -11.194505 0.000000 0.000000 0.000000 0.944107 -0.329641
1.837984 -11.526195 0.000000 0.000000 0.000000 0.937150 -0.348926
1.418796 -11.898729 0.000000 0.000000 0.000000 0.932843 -0.360283
1.025287 -12.249869 0.000000 0.000000 0.000000 0.937447 -0.348128
0.635643 -12.589753 0.000000 0.000000 0.000000 0.934264 -0.356583
0.230768 -12.925300 0.000000 0.000000 0.000000 0.946807 -0.321802
-0.170748 -13.208144 0.000000 0.000000 0.000000 0.960053 -0.279819
-0.600681 -13.467056 0.000000 0.000000 0.000000 0.964086 -0.265592
-1.051955 -13.741054 0.000000 0.000000 0.000000 0.963669 -0.267101
-1.500076 -14.014191 0.000000 0.000000 0.000000 0.961469 -0.274912
-1.941179 -14.296357 0.000000 0.000000 0.000000 0.960070 -0.279759
-2.389320 -14.569578 0.000000 0.000000 0.000000 0.963524 -0.267623
-2.842448 -14.834337 0.000000 0.000000 0.000000 0.966879 -0.255236
-3.308057 -15.093910 0.000000 0.000000 0.000000 0.966798 -0.255541
-3.765384 -15.358964 0.000000 0.000000 0.000000 0.964999 -0.262254
-4.244128 -15.653786 0.000000 0.000000 0.000000 0.960033 -0.279885
-4.679593 -15.925505 0.000000 0.000000 0.000000 0.967349 -0.253447
-5.145971 -16.166291 0.000000 0.000000 0.000000 0.973069 -0.230515
-5.613056 -16.400531 0.000000 0.000000 0.000000 0.973347 -0.229338
-6.114941 -16.650964 0.000000 0.000000 0.000000 0.972920 -0.231140
-6.590455 -16.883496 0.000000 0.000000 0.000000 0.974437 -0.224662
-7.065477 -17.115361 0.000000 0.000000 0.000000 0.973955 -0.226742
-7.523497 -17.337452 0.000000 0.000000 0.000000 0.975821 -0.218572
-7.980747 -17.557797 0.000000 0.000000 0.000000 0.975437 -0.220278
-8.435198 -17.769100 0.000000 0.000000 0.000000 0.977077 -0.212888
-8.945985 -18.005550 0.000000 0.000000 0.000000 0.976406 -0.215942
-9.409822 -18.223976 0.000000 0.000000 0.000000 0.973700 -0.227834
-9.877058 -18.463529 0.000000 0.000000 0.000000 0.970051 -0.242902
-10.338312 -18.708499 0.000000 0.000000 0.000000 0.971087 -0.238725
-10.799891 -18.948159 0.000000 0.000000 0.000000 0.975428 -0.220320
-11.285785 -19.158567 0.000000 0.000000 0.000000 0.981792 -0.189957
-11.810738 -19.367620 0.000000 0.000000 0.000000 0.982759 -0.184890
-12.300644 -19.570581 0.000000 0.000000 0.000000 0.977060 -0.212965
-12.771143 -19.788763 0.000000 0.000000 0.000000 0.977049 -0.213014
-13.248122 -20.003661 0.000000 0.000000 0.000000 0.975707 -0.219081
-13.747464 -20.238890 0.000000 0.000000 0.000000 0.977663 -0.210176
-14.228954 -20.451380 0.000000 0.000000 0.000000 0.979177 -0.203009
-14.700597 -20.653767 0.000000 0.000000 0.000000 0.983487 -0.180979
-15.018357 -20.761633 0.000000 0.000000 0.000000 0.991141 -0.132814
-15.152689 -20.791982 0.000000 0.000000 0.000000 0.996652 -0.081761
-15.261923 -20.805705 0.000000 0.000000 0.000000 0.999280 -0.037943
-15.396167 -20.809723 0.000000 0.000000 0.000000 0.999902 0.013988
-15.531694 -20.799415 0.000000 0.000000 0.000000 0.997792 0.066418
-15.666486 -20.775151 0.000000 0.000000 0.000000 0.993277 0.115762
-15.859942 -20.718962 0.000000 0.000000 0.000000 0.987111 0.160039
-16.152916 -20.609959 0.000000 0.000000 0.000000 0.978846 0.204599
-16.429768 -20.473162 0.000000 0.000000 0.000000 0.968111 0.250521
-16.631649 -20.349825 0.000000 0.000000 0.000000 0.954314 0.298807
-16.766083 -20.248483 0.000000 0.000000 0.000000 0.940135 0.340802
-16.873164 -20.151028 0.000000 0.000000 0.000000 0.922801 0.385277
-16.994157 -20.016121 0.000000 0.000000 0.000000 0.901498 0.432783
-17.097635 -19.875640 0.000000 0.000000 0.000000 0.881098 0.472934
-17.271129 -19.582236 0.000000 0.000000 0.000000 0.857889 0.513836
-17.352580 -19.414151 0.000000 0.000000 0.000000 0.833026 0.553234
-17.397582 -19.293175 0.000000 0.000000 0.000000 0.803990 0.594643
-17.424959 -19.186223 0.000000 0.000000 0.000000 0.772375 0.635166
-17.441331 -19.075875 0.000000 0.000000 0.000000 0.740067 0.672533
-17.447244 -18.960454 0.000000 0.000000 0.000000 0.705697 0.708514
-17.442870 -18.862447 0.000000 0.000000 0.000000 0.673617 0.739081
-17.428169 -18.756363 0.000000 0.000000 0.000000 0.638437 0.769674
