0.000000 0.000000 0.000000 0.000000 0.000000 0.000000 1.000000
0.537640 -0.002536 0.000000 0.000000 0.000000 -0.004265 0.999991
1.072934 -0.008279 0.000000 0.000000 0.000000 -0.005895 0.999983
1.573342 -0.016134 0.000000 0.000000 0.000000 -0.011017 0.999939
2.139941 -0.028516 0.000000 0.000000 0.000000 -0.012018 0.999928
2.680278 -0.045771 0.000000 0.000000 0.000000 -0.018344 0.999832
3.274962 -0.070534 0.000000 0.000000 0.000000 -0.016496 0.999864
3.826309 -0.078718 0.000000 0.000000 0.000000 -0.000513 1.000000
4.440675 -0.060816 0.000000 0.000000 0.000000 0.033197 0.999449
4.945057 -0.013657 0.000000 0.000000 0.000000 0.063298 0.997995
5.454930 0.064524 0.000000 0.000000 0.000000 0.080404 0.996762
6.084935 0.162094 0.000000 0.000000 0.000000 0.074979 0.997185
6.629251 0.247499 0.000000 0.000000 0.000000 0.076769 0.997049
7.296434 0.346816 0.000000 0.000000 0.000000 0.069520 0.997581
7.837346 0.425475 0.000000 0.000000 0.000000 0.073941 0.997263
8.479408 0.517959 0.000000 0.000000 0.000000 0.069979 0.997548
8.980159 0.587501 0.000000 0.000000 0.000000 0.068037 0.997683
9.608957 0.674389 0.000000 0.000000 0.000000 0.069758 0.997564
10.139081 0.766698 0.000000 0.000000 0.000000 0.110977 0.993823
10.738019 0.937231 0.000000 0.000000 0.000000 0.171734 0.985143
11.236044 1.133364 0.000000 0.000000 0.000000 0.199546 0.979888
11.838967 1.390571 0.000000 0.000000 0.000000 0.200863 0.979619
12.427737 1.642706 0.000000 0.000000 0.000000 0.197251 0.980353
12.928780 1.851995 0.000000 0.000000 0.000000 0.199167 0.979966
13.485139 2.088628 0.000000 0.000000 0.000000 0.201573 0.979473
