0.000000 0.000000 0.000000 0.000000 0.000000 0.000000 1.000000
0.574709 0.023512 0.000000 0.000000 0.000000 0.030143 0.999546
1.163202 0.058675 0.000000 0.000000 0.000000 0.031025 0.999519
1.680067 0.094587 0.000000 0.000000 0.000000 0.036826 0.999322
2.209346 0.147841 0.000000 0.000000 0.000000 0.062271 0.998059
2.759266 0.217469 0.000000 0.000000 0.000000 0.060672 0.998158
3.297997 0.286764 0.000000 0.000000 0.000000 0.073097 0.997325
3.850227 0.363807 0.000000 0.000000 0.000000 0.072772 0.997349
4.386261 0.443084 0.000000 0.000000 0.000000 0.075684 0.997132
4.958676 0.526221 0.000000 0.000000 0.000000 0.070039 0.997544
5.462209 0.597131 0.000000 0.000000 0.000000 0.064960 0.997888
6.052418 0.668852 0.000000 0.000000 0.000000 0.067514 0.997718
6.569381 0.736897 0.000000 0.000000 0.000000 0.072235 0.997388
7.213076 0.829402 0.000000 0.000000 0.000000 0.073418 0.997301
7.749865 0.916319 0.000000 0.000000 0.000000 0.088361 0.996088
