0.000000 0.000000 0.000000 0.000000 0.000000 0.000000 1.000000
0.519329 -0.001935 0.000000 0.000000 0.000000 -0.005623 0.999984
1.019007 -0.022306 0.000000 0.000000 0.000000 -0.036797 0.999323
1.544333 -0.074608 0.000000 0.000000 0.000000 -0.055656 0.998450
2.086402 -0.125193 0.000000 0.000000 0.000000 -0.038884 0.999244
2.619807 -0.167479 0.000000 0.000000 0.000000 -0.039495 0.999220
3.173633 -0.214681 0.000000 0.000000 0.000000 -0.045563 0.998961
3.684860 -0.266258 0.000000 0.000000 0.000000 -0.056611 0.998396
4.200832 -0.328409 0.000000 0.000000 0.000000 -0.059132 0.998250
4.787693 -0.400640 0.000000 0.000000 0.000000 -0.064275 0.997932
5.315023 -0.476342 0.000000 0.000000 0.000000 -0.077954 0.996957
5.835047 -0.566590 0.000000 0.000000 0.000000 -0.092786 0.995686
6.416849 -0.677899 0.000000 0.000000 0.000000 -0.091451 0.995810
6.966195 -0.778833 0.000000 0.000000 0.000000 -0.086394 0.996261
7.508070 -0.872039 0.000000 0.000000 0.000000 -0.084299 0.996440
8.015710 -0.950932 0.000000 0.000000 0.000000 -0.063995 0.997950
8.542564 -1.007693 0.000000 0.000000 0.000000 -0.040662 0.999173
9.044486 -1.041494 0.000000 0.000000 0.000000 -0.023561 0.999722
9.585562 -1.052792 0.000000 0.000000 0.000000 0.004511 0.999990
10.098637 -1.037635 0.000000 0.000000 0.000000 0.025350 0.999679
10.626594 -1.001731 0.000000 0.000000 0.000000 0.043348 0.999060
11.173142 -0.944652 0.000000 0.000000 0.000000 0.062601 0.998039
