0.000000 0.000000 0.000000 0.000000 0.000000 0.000000 1.000000
0.508871 0.000000 0.000000 0.000000 0.000000 0.000000 1.000000
1.108894 0.000000 0.000000 0.000000 0.000000 0.000000 1.000000
1.658843 0.000000 0.000000 0.000000 0.000000 0.000000 1.000000
2.208850 0.000754 0.000000 0.000000 0.000000 0.001992 0.999998
2.708866 0.003797 0.000000 0.000000 0.000000 0.004327 0.999991
3.258836 0.009840 0.000000 0.000000 0.000000 0.006895 0.999976
3.808726 0.018707 0.000000 0.000000 0.000000 0.009462 0.999955
4.308643 0.029153 0.000000 0.000000 0.000000 0.011113 0.999938
4.858541 0.041377 0.000000 0.000000 0.000000 0.011113 0.999938
5.408414 0.053600 0.000000 0.000000 0.000000 0.011113 0.999938
5.958237 0.065823 0.000000 0.000000 0.000000 0.011113 0.999938
6.508090 0.078046 0.000000 0.000000 0.000000 0.011113 0.999938
7.107919 0.091380 0.000000 0.000000 0.000000 0.011113 0.999938
7.657822 0.103604 0.000000 0.000000 0.000000 0.011113 0.999938
8.207656 0.115827 0.000000 0.000000 0.000000 0.011113 0.999938
8.757536 0.128050 0.000000 0.000000 0.000000 0.011113 0.999938
9.307428 0.140274 0.000000 0.000000 0.000000 0.011113 0.999938
9.907261 0.153609 0.000000 0.000000 0.000000 0.011113 0.999938
10.457140 0.165832 0.000000 0.000000 0.000000 0.011113 0.999938
11.007025 0.178056 0.000000 0.000000 0.000000 0.011113 0.999938
11.506912 0.189168 0.000000 0.000000 0.000000 0.011113 0.999938
12.056713 0.201390 0.000000 0.000000 0.000000 0.011113 0.999938
12.606623 0.213457 0.000000 0.000000 0.000000 0.009730 0.999953
13.256531 0.222714 0.000000 0.000000 0.000000 0.005103 0.999987
13.806497 0.228327 0.000000 0.000000 0.000000 0.005103 0.999987
14.456437 0.234960 0.000000 0.000000 0.000000 0.005103 0.999987
15.006472 0.240574 0.000000 0.000000 0.000000 0.005103 0.999987
15.656376 0.247207 0.000000 0.000000 0.000000 0.005103 0.999987
16.206374 0.252820 0.000000 0.000000 0.000000 0.005103 0.999987
16.706349 0.257922 0.000000 0.000000 0.000000 0.005103 0.999987
17.256328 0.263535 0.000000 0.000000 0.000000 0.005103 0.999987
17.806267 0.269148 0.000000 0.000000 0.000000 0.005103 0.999987
18.306263 0.274251 0.000000 0.000000 0.000000 0.005103 0.999987
18.856270 0.279901 0.000000 0.000000 0.000000 0.005477 0.999985
19.406169 0.286612 0.000000 0.000000 0.000000 0.006851 0.999977
19.906141 0.294068 0.000000 0.000000 0.000000 0.008968 0.999960
20.505946 0.309006 0.000000 0.000000 0.000000 0.016435 0.999865
21.005571 0.328440 0.000000 0.000000 0.000000 0.023108 0.999733
21.654605 0.363672 0.000000 0.000000 0.000000 0.031782 0.999495
22.203329 0.401018 0.000000 0.000000 0.000000 0.034683 0.999398
22.702130 0.435680 0.000000 0.000000 0.000000 0.034683 0.999398
23.250832 0.473811 0.000000 0.000000 0.000000 0.034683 0.999398
23.799502 0.511939 0.000000 0.000000 0.000000 0.034683 0.999398
24.447949 0.557002 0.000000 0.000000 0.000000 0.034683 0.999398
24.996574 0.595127 0.000000 0.000000 0.000000 0.034683 0.999398
25.495389 0.629791 0.000000 0.000000 0.000000 0.034683 0.999398
26.044102 0.667922 0.000000 0.000000 0.000000 0.034683 0.999398
26.592771 0.706050 0.000000 0.000000 0.000000 0.034683 0.999398
27.241276 0.750077 0.000000 0.000000 0.000000 0.032414 0.999475
27.790210 0.783837 0.000000 0.000000 0.000000 0.028658 0.999589
28.439308 0.818416 0.000000 0.000000 0.000000 0.024217 0.999707
28.988756 0.843170 0.000000 0.000000 0.000000 0.020459 0.999791
29.638287 0.867130 0.000000 0.000000 0.000000 0.016018 0.999872
30.188077 0.882272 0.000000 0.000000 0.000000 0.011065 0.999939
30.837966 0.894089 0.000000 0.000000 0.000000 0.007942 0.999968
31.387894 0.902825 0.000000 0.000000 0.000000 0.007942 0.999968
32.037855 0.913150 0.000000 0.000000 0.000000 0.007942 0.999968
32.587768 0.921886 0.000000 0.000000 0.000000 0.007942 0.999968
33.237634 0.932209 0.000000 0.000000 0.000000 0.007942 0.999968
33.787635 0.940946 0.000000 0.000000 0.000000 0.007942 0.999968
34.437526 0.951270 0.000000 0.000000 0.000000 0.007942 0.999968
34.944772 0.959328 0.000000 0.000000 0.000000 0.007942 0.999968
35.544624 0.968857 0.000000 0.000000 0.000000 0.007942 0.999968
36.094564 0.977593 0.000000 0.000000 0.000000 0.007942 0.999968
36.644476 0.986329 0.000000 0.000000 0.000000 0.007942 0.999968
37.144427 0.994270 0.000000 0.000000 0.000000 0.007942 0.999968
37.694385 1.003007 0.000000 0.000000 0.000000 0.007942 0.999968
38.244270 1.012092 0.000000 0.000000 0.000000 0.009343 0.999956
38.894124 1.026058 0.000000 0.000000 0.000000 0.012377 0.999923
39.443895 1.040954 0.000000 0.000000 0.000000 0.014945 0.999888
39.993455 1.062850 0.000000 0.000000 0.000000 0.025867 0.999665
40.492540 1.093172 0.000000 0.000000 0.000000 0.035795 0.999359
41.040692 1.137965 0.000000 0.000000 0.000000 0.046710 0.998908
41.538371 1.186451 0.000000 0.000000 0.000000 0.047020 0.998894
42.086477 1.232082 0.000000 0.000000 0.000000 0.034914 0.999390
42.635562 1.261848 0.000000 0.000000 0.000000 0.014891 0.999889
43.285477 1.263304 0.000000 0.000000 0.000000 -0.014946 0.999888
43.834705 1.234611 0.000000 0.000000 0.000000 -0.035953 0.999353
44.433132 1.191006 0.000000 0.000000 0.000000 -0.036419 0.999337
45.031503 1.147335 0.000000 0.000000 0.000000 -0.036419 0.999337
45.629893 1.103662 0.000000 0.000000 0.000000 -0.036419 0.999337
46.128573 1.067266 0.000000 0.000000 0.000000 -0.036419 0.999337
46.627272 1.030870 0.000000 0.000000 0.000000 -0.036419 0.999337
47.275519 0.983558 0.000000 0.000000 0.000000 -0.036419 0.999337
47.824129 0.943589 0.000000 0.000000 0.000000 -0.035719 0.999362
48.472534 0.899004 0.000000 0.000000 0.000000 -0.032687 0.999466
49.021479 0.864347 0.000000 0.000000 0.000000 -0.029360 0.999569
49.670774 0.834160 0.000000 0.000000 0.000000 -0.012978 0.999916
50.220637 0.834732 0.000000 0.000000 0.000000 0.016391 0.999866
50.720035 0.859436 0.000000 0.000000 0.000000 0.029559 0.999563
51.269044 0.891935 0.000000 0.000000 0.000000 0.029559 0.999563
51.818099 0.924427 0.000000 0.000000 0.000000 0.029494 0.999565
52.317260 0.953641 0.000000 0.000000 0.000000 0.028138 0.999604
52.866459 0.982703 0.000000 0.000000 0.000000 0.024490 0.999700
53.415852 1.008353 0.000000 0.000000 0.000000 0.021926 0.999760
53.915481 1.029228 0.000000 0.000000 0.000000 0.019487 0.999810
54.465075 1.048878 0.000000 0.000000 0.000000 0.015403 0.999881
55.014903 1.064518 0.000000 0.000000 0.000000 0.013928 0.999903
55.664623 1.082622 0.000000 0.000000 0.000000 0.013928 0.999903
56.214385 1.097941 0.000000 0.000000 0.000000 0.013928 0.999903
56.864166 1.116046 0.000000 0.000000 0.000000 0.013928 0.999903
57.413925 1.131365 0.000000 0.000000 0.000000 0.013928 0.999903
58.063715 1.149471 0.000000 0.000000 0.000000 0.013928 0.999903
58.613452 1.164789 0.000000 0.000000 0.000000 0.013928 0.999903
59.113261 1.178716 0.000000 0.000000 0.000000 0.013928 0.999903
59.663097 1.194036 0.000000 0.000000 0.000000 0.013928 0.999903
60.212929 1.209357 0.000000 0.000000 0.000000 0.013928 0.999903
60.862645 1.227461 0.000000 0.000000 0.000000 0.013928 0.999903
61.412421 1.242780 0.000000 0.000000 0.000000 0.013928 0.999903
62.062181 1.260885 0.000000 0.000000 0.000000 0.013928 0.999903
62.611928 1.276203 0.000000 0.000000 0.000000 0.013928 0.999903
63.111752 1.290119 0.000000 0.000000 0.000000 0.013895 0.999903
63.661566 1.305388 0.000000 0.000000 0.000000 0.013879 0.999904
64.211365 1.320654 0.000000 0.000000 0.000000 0.013879 0.999904
64.861088 1.338695 0.000000 0.000000 0.000000 0.013879 0.999904
65.410834 1.354312 0.000000 0.000000 0.000000 0.016457 0.999865
65.910497 1.374684 0.000000 0.000000 0.000000 0.025520 0.999674
66.459263 1.409773 0.000000 0.000000 0.000000 0.041859 0.999124
67.005864 1.470259 0.000000 0.000000 0.000000 0.072159 0.997393
67.497609 1.559658 0.000000 0.000000 0.000000 0.116395 0.993203
67.868032 1.663624 0.000000 0.000000 0.000000 0.162736 0.986670
68.220755 1.799954 0.000000 0.000000 0.000000 0.209772 0.977750
68.556443 1.968134 0.000000 0.000000 0.000000 0.256328 0.966590
68.873115 2.166821 0.000000 0.000000 0.000000 0.302298 0.953213
69.169312 2.394854 0.000000 0.000000 0.000000 0.347571 0.937654
69.443190 2.650894 0.000000 0.000000 0.000000 0.392050 0.919944
69.690605 2.931185 0.000000 0.000000 0.000000 0.435635 0.900123
69.910648 3.234700 0.000000 0.000000 0.000000 0.478119 0.878295
70.185597 3.710215 0.000000 0.000000 0.000000 0.519005 0.854771
70.429094 4.203367 0.000000 0.000000 0.000000 0.532728 0.846287
70.708173 4.790339 0.000000 0.000000 0.000000 0.536759 0.843735
70.937766 5.290134 0.000000 0.000000 0.000000 0.543851 0.839182
71.137750 5.748411 0.000000 0.000000 0.000000 0.553877 0.832599
71.340802 6.259519 0.000000 0.000000 0.000000 0.571073 0.820899
71.519585 6.779551 0.000000 0.000000 0.000000 0.592576 0.805515
71.670637 7.308322 0.000000 0.000000 0.000000 0.613665 0.789567
71.793539 7.844392 0.000000 0.000000 0.000000 0.634327 0.773065
71.895076 8.435618 0.000000 0.000000 0.000000 0.656358 0.754450
71.961895 8.981594 0.000000 0.000000 0.000000 0.665322 0.746557
72.024976 9.527963 0.000000 0.000000 0.000000 0.665322 0.746557
72.099523 10.173636 0.000000 0.000000 0.000000 0.665322 0.746557
72.162033 10.720092 0.000000 0.000000 0.000000 0.667511 0.744600
72.226771 11.366868 0.000000 0.000000 0.000000 0.674989 0.737828
72.271346 11.915038 0.000000 0.000000 0.000000 0.681262 0.732039
72.311952 12.563758 0.000000 0.000000 0.000000 0.688613 0.725129
72.336082 13.113234 0.000000 0.000000 0.000000 0.694778 0.719225
72.352501 13.763018 0.000000 0.000000 0.000000 0.701998 0.712179
72.356152 14.312932 0.000000 0.000000 0.000000 0.708051 0.706162
72.350151 14.812924 0.000000 0.000000 0.000000 0.715561 0.698550
72.330864 15.362579 0.000000 0.000000 0.000000 0.723974 0.689827
72.298264 15.911565 0.000000 0.000000 0.000000 0.732281 0.681003
72.257150 16.409881 0.000000 0.000000 0.000000 0.738643 0.674097
72.206500 16.957543 0.000000 0.000000 0.000000 0.739064 0.673635
72.155664 17.505176 0.000000 0.000000 0.000000 0.739064 0.673635
72.095585 18.152386 0.000000 0.000000 0.000000 0.739064 0.673635
72.044748 18.700026 0.000000 0.000000 0.000000 0.739064 0.673635
71.998531 19.197905 0.000000 0.000000 0.000000 0.739064 0.673635
71.947693 19.745564 0.000000 0.000000 0.000000 0.739064 0.673635
71.896514 20.293192 0.000000 0.000000 0.000000 0.740653 0.671888
71.825437 20.939276 0.000000 0.000000 0.000000 0.749841 0.661618
71.750500 21.484074 0.000000 0.000000 0.000000 0.758793 0.651332
71.668872 21.977377 0.000000 0.000000 0.000000 0.767315 0.641270
71.564100 22.517271 0.000000 0.000000 0.000000 0.776535 0.630074
71.443704 23.053940 0.000000 0.000000 0.000000 0.785593 0.618744
71.281430 23.683320 0.000000 0.000000 0.000000 0.796083 0.605187
71.130148 24.212100 0.000000 0.000000 0.000000 0.800895 0.598805
70.986252 24.690948 0.000000 0.000000 0.000000 0.803455 0.595365
70.826160 25.217122 0.000000 0.000000 0.000000 0.803455 0.595365
70.666057 25.743335 0.000000 0.000000 0.000000 0.803455 0.595365
70.476861 26.365168 0.000000 0.000000 0.000000 0.803455 0.595365
70.316764 26.891360 0.000000 0.000000 0.000000 0.803455 0.595365
70.156658 27.417583 0.000000 0.000000 0.000000 0.803455 0.595365
69.996580 27.943712 0.000000 0.000000 0.000000 0.803455 0.595365
69.851039 28.422065 0.000000 0.000000 0.000000 0.803455 0.595365
69.705496 28.900421 0.000000 0.000000 0.000000 0.803455 0.595365
69.545411 29.426575 0.000000 0.000000 0.000000 0.803455 0.595365
69.385309 29.952784 0.000000 0.000000 0.000000 0.803455 0.595365
69.239803 30.431152 0.000000 0.000000 0.000000 0.803342 0.595517
69.079983 30.957457 0.000000 0.000000 0.000000 0.803246 0.595648
68.920263 31.483742 0.000000 0.000000 0.000000 0.803246 0.595648
68.760541 32.010033 0.000000 0.000000 0.000000 0.803246 0.595648
68.600817 32.536329 0.000000 0.000000 0.000000 0.803246 0.595648
68.426577 33.110458 0.000000 0.000000 0.000000 0.803246 0.595648
68.252329 33.684616 0.000000 0.000000 0.000000 0.803246 0.595648
68.092731 34.210890 0.000000 0.000000 0.000000 0.802745 0.596323
67.921854 34.786110 0.000000 0.000000 0.000000 0.799772 0.600304
67.770566 35.314880 0.000000 0.000000 0.000000 0.796854 0.604172
67.598857 35.941790 0.000000 0.000000 0.000000 0.792445 0.609944
67.461653 36.474354 0.000000 0.000000 0.000000 0.787948 0.615742
67.343830 36.960285 0.000000 0.000000 0.000000 0.783013 0.622006
67.223434 37.496970 0.000000 0.000000 0.000000 0.779837 0.625983
67.104485 38.033897 0.000000 0.000000 0.000000 0.779837 0.625983
66.996329 38.522109 0.000000 0.000000 0.000000 0.779837 0.625983
66.866545 39.107951 0.000000 0.000000 0.000000 0.779837 0.625983
66.736793 39.693646 0.000000 0.000000 0.000000 0.779837 0.625983
66.585379 40.377121 0.000000 0.000000 0.000000 0.779837 0.625983
66.444785 41.011753 0.000000 0.000000 0.000000 0.779837 0.625983
66.325833 41.548701 0.000000 0.000000 0.000000 0.779837 0.625983
66.216887 42.036690 0.000000 0.000000 0.000000 0.782706 0.622391
66.080859 42.569543 0.000000 0.000000 0.000000 0.799606 0.600525
65.905309 43.090591 0.000000 0.000000 0.000000 0.827404 0.561607
65.702262 43.547310 0.000000 0.000000 0.000000 0.851651 0.524109
65.433715 44.027089 0.000000 0.000000 0.000000 0.875051 0.484031
65.122504 44.480338 0.000000 0.000000 0.000000 0.896181 0.443689
64.704206 44.977459 0.000000 0.000000 0.000000 0.917677 0.397326
64.312942 45.363779 0.000000 0.000000 0.000000 0.933574 0.358386
63.810316 45.775415 0.000000 0.000000 0.000000 0.950595 0.310432
63.354023 46.082291 0.000000 0.000000 0.000000 0.963104 0.269128
62.783241 46.392556 0.000000 0.000000 0.000000 0.975571 0.219683
62.278789 46.611544 0.000000 0.000000 0.000000 0.981706 0.190401
61.812493 46.792038 0.000000 0.000000 0.000000 0.984515 0.175301
61.293495 46.973915 0.000000 0.000000 0.000000 0.987336 0.158646
60.768621 47.138167 0.000000 0.000000 0.000000 0.989875 0.141945
60.141621 47.309282 0.000000 0.000000 0.000000 0.992511 0.122156
59.606020 47.434443 0.000000 0.000000 0.000000 0.994433 0.105370
58.968090 47.558918 0.000000 0.000000 0.000000 0.996338 0.085497
58.424834 47.644275 0.000000 0.000000 0.000000 0.997640 0.068655
57.928638 47.705917 0.000000 0.000000 0.000000 0.998577 0.053325
57.380985 47.756082 0.000000 0.000000 0.000000 0.999335 0.036450
56.831864 47.787722 0.000000 0.000000 0.000000 0.999809 0.019562
56.332047 47.801328 0.000000 0.000000 0.000000 0.999973 0.007352
55.782114 47.803388 0.000000 0.000000 0.000000 0.999992 -0.004115
55.232120 47.796082 0.000000 0.000000 0.000000 0.999972 -0.007452
54.582232 47.786395 0.000000 0.000000 0.000000 0.999972 -0.007452
54.032297 47.778198 0.000000 0.000000 0.000000 0.999972 -0.007452
53.382377 47.768510 0.000000 0.000000 0.000000 0.999972 -0.007452
52.832432 47.760300 0.000000 0.000000 0.000000 0.999970 -0.007702
52.332539 47.749072 0.000000 0.000000 0.000000 0.999889 -0.014904
51.732834 47.731190 0.000000 0.000000 0.000000 0.999889 -0.014904
51.233015 47.716287 0.000000 0.000000 0.000000 0.999889 -0.014921
50.733201 47.701302 0.000000 0.000000 0.000000 0.999887 -0.015020
50.183568 47.684786 0.000000 0.000000 0.000000 0.999887 -0.015020
49.633735 47.668263 0.000000 0.000000 0.000000 0.999887 -0.015020
48.984094 47.648741 0.000000 0.000000 0.000000 0.999887 -0.015020
48.434324 47.632220 0.000000 0.000000 0.000000 0.999887 -0.015020
47.934550 47.617202 0.000000 0.000000 0.000000 0.999887 -0.015020
47.384750 47.600680 0.000000 0.000000 0.000000 0.999887 -0.015020
46.835012 47.584160 0.000000 0.000000 0.000000 0.999887 -0.015020
46.285314 47.567642 0.000000 0.000000 0.000000 0.999887 -0.015020
45.735553 47.551121 0.000000 0.000000 0.000000 0.999887 -0.015020
45.135859 47.531621 0.000000 0.000000 0.000000 0.999786 -0.020685
44.586586 47.503415 0.000000 0.000000 0.000000 0.999500 -0.031607
44.038036 47.463214 0.000000 0.000000 0.000000 0.999095 -0.042525
43.540219 47.416513 0.000000 0.000000 0.000000 0.998752 -0.049951
42.992988 47.361512 0.000000 0.000000 0.000000 0.998745 -0.050076
42.445784 47.306507 0.000000 0.000000 0.000000 0.998759 -0.049811
41.948085 47.258253 0.000000 0.000000 0.000000 0.998943 -0.045963
41.400205 47.210214 0.000000 0.000000 0.000000 0.999159 -0.041015
40.851874 47.167605 0.000000 0.000000 0.000000 0.999349 -0.036066
40.203306 47.124253 0.000000 0.000000 0.000000 0.999543 -0.030215
39.654126 47.094153 0.000000 0.000000 0.000000 0.999758 -0.022009
39.004491 47.074135 0.000000 0.000000 0.000000 0.999970 -0.007693
38.454486 47.071730 0.000000 0.000000 0.000000 0.999990 0.004423
37.804704 47.086069 0.000000 0.000000 0.000000 0.999822 0.018849
37.255331 47.112853 0.000000 0.000000 0.000000 0.999521 0.030962
36.607233 47.161649 0.000000 0.000000 0.000000 0.998975 0.045269
36.059922 47.216413 0.000000 0.000000 0.000000 0.998575 0.053360
35.413799 47.287369 0.000000 0.000000 0.000000 0.998490 0.054941
34.867116 47.347713 0.000000 0.000000 0.000000 0.998490 0.054941
34.221043 47.419029 0.000000 0.000000 0.000000 0.998490 0.054941
33.674376 47.479371 0.000000 0.000000 0.000000 0.998502 0.054708
33.028108 47.548888 0.000000 0.000000 0.000000 0.998636 0.052220
32.480992 47.605234 0.000000 0.000000 0.000000 0.998739 0.050197
31.983416 47.654431 0.000000 0.000000 0.000000 0.998828 0.048408
31.435933 47.706683 0.000000 0.000000 0.000000 0.998924 0.046386
30.888203 47.756895 0.000000 0.000000 0.000000 0.998996 0.044797
30.240744 47.813708 0.000000 0.000000 0.000000 0.999100 0.042416
29.692564 47.859179 0.000000 0.000000 0.000000 0.999214 0.039633
29.044075 47.903095 0.000000 0.000000 0.000000 0.999657 0.026186
28.494599 47.925835 0.000000 0.000000 0.000000 0.999901 0.014070
27.994710 47.936938 0.000000 0.000000 0.000000 0.999948 0.010190
27.444800 47.948147 0.000000 0.000000 0.000000 0.999948 0.010190
26.894925 47.959354 0.000000 0.000000 0.000000 0.999948 0.010190
26.245049 47.972600 0.000000 0.000000 0.000000 0.999948 0.010190
25.695170 47.983808 0.000000 0.000000 0.000000 0.999948 0.010190
25.045315 47.997054 0.000000 0.000000 0.000000 0.999948 0.010190
24.495407 48.008262 0.000000 0.000000 0.000000 0.999948 0.010190
23.995496 48.018451 0.000000 0.000000 0.000000 0.999948 0.010190
23.445638 48.029659 0.000000 0.000000 0.000000 0.999948 0.010190
22.895815 48.040865 0.000000 0.000000 0.000000 0.999948 0.010190
22.395877 48.051055 0.000000 0.000000 0.000000 0.999948 0.010190
21.846000 48.062263 0.000000 0.000000 0.000000 0.999948 0.010190
21.296076 48.073471 0.000000 0.000000 0.000000 0.999948 0.010190
20.646279 48.086716 0.000000 0.000000 0.000000 0.999948 0.010190
20.096364 48.097924 0.000000 0.000000 0.000000 0.999948 0.010190
19.596432 48.108114 0.000000 0.000000 0.000000 0.999948 0.010190
19.046558 48.119322 0.000000 0.000000 0.000000 0.999948 0.010190
18.496652 48.130530 0.000000 0.000000 0.000000 0.999948 0.010190
17.996724 48.140720 0.000000 0.000000 0.000000 0.999948 0.010190
17.396834 48.152947 0.000000 0.000000 0.000000 0.999948 0.010190
16.797025 48.165172 0.000000 0.000000 0.000000 0.999948 0.010190
16.247119 48.176381 0.000000 0.000000 0.000000 0.999948 0.010190
15.697278 48.187588 0.000000 0.000000 0.000000 0.999948 0.010190
15.197351 48.197481 0.000000 0.000000 0.000000 0.999960 0.008897
14.647427 48.205984 0.000000 0.000000 0.000000 0.999980 0.006330
14.097446 48.211663 0.000000 0.000000 0.000000 0.999993 0.003762
13.597454 48.214374 0.000000 0.000000 0.000000 0.999999 0.001428
13.047471 48.214661 0.000000 0.000000 0.000000 0.999999 -0.001140
12.397457 48.211358 0.000000 0.000000 0.000000 0.999991 -0.004175
11.897469 48.206219 0.000000 0.000000 0.000000 0.999980 -0.006401
11.297569 48.198051 0.000000 0.000000 0.000000 0.999978 -0.006618
10.797584 48.193361 0.000000 0.000000 0.000000 0.999998 -0.002224
10.247552 48.193392 0.000000 0.000000 0.000000 0.999996 0.002730
9.697588 48.198871 0.000000 0.000000 0.000000 0.999970 0.007683
9.047723 48.209397 0.000000 0.000000 0.000000 0.999967 0.008133
8.497803 48.218343 0.000000 0.000000 0.000000 0.999967 0.008133
7.847898 48.228915 0.000000 0.000000 0.000000 0.999967 0.008133
7.297920 48.237862 0.000000 0.000000 0.000000 0.999967 0.008133
6.648021 48.248434 0.000000 0.000000 0.000000 0.999967 0.008133
6.098087 48.257380 0.000000 0.000000 0.000000 0.999967 0.008133
5.598142 48.265513 0.000000 0.000000 0.000000 0.999967 0.008133
5.048257 48.274383 0.000000 0.000000 0.000000 0.999973 0.007416
4.498242 48.281258 0.000000 0.000000 0.000000 0.999988 0.004848
3.848264 48.285740 0.000000 0.000000 0.000000 0.999998 0.001814
3.298262 48.286451 0.000000 0.000000 0.000000 1.000000 -0.000754
2.648300 48.283649 0.000000 0.000000 0.000000 0.999993 -0.003789
2.098294 48.278198 0.000000 0.000000 0.000000 0.999980 -0.006357
1.448375 48.268114 0.000000 0.000000 0.000000 0.999956 -0.009391
0.848541 48.255338 0.000000 0.000000 0.000000 0.999927 -0.012083
0.248788 48.239299 0.000000 0.000000 0.000000 0.999889 -0.014884
-0.300931 48.221645 0.000000 0.000000 0.000000 0.999848 -0.017452
-0.800625 48.203145 0.000000 0.000000 0.000000 0.999804 -0.019786
-1.400098 48.177867 0.000000 0.000000 0.000000 0.999745 -0.022586
-1.999412 48.149231 0.000000 0.000000 0.000000 0.999684 -0.025153
-2.548700 48.121868 0.000000 0.000000 0.000000 0.999728 -0.023321
-3.098367 48.101623 0.000000 0.000000 0.000000 0.999936 -0.011314
-3.748252 48.096352 0.000000 0.000000 0.000000 0.999990 0.004414
-4.298171 48.105247 0.000000 0.000000 0.000000 0.999947 0.010344
-4.798093 48.115590 0.000000 0.000000 0.000000 0.999947 0.010344
-5.347997 48.126968 0.000000 0.000000 0.000000 0.999947 0.010344
-5.897899 48.138346 0.000000 0.000000 0.000000 0.999947 0.010344
-6.547759 48.151792 0.000000 0.000000 0.000000 0.999947 0.010344
-7.097576 48.163168 0.000000 0.000000 0.000000 0.999947 0.010344
-7.597494 48.173511 0.000000 0.000000 0.000000 0.999947 0.010344
-8.147374 48.184889 0.000000 0.000000 0.000000 0.999947 0.010344
-8.697308 48.196267 0.000000 0.000000 0.000000 0.999947 0.010344
-9.347093 48.209711 0.000000 0.000000 0.000000 0.999947 0.010344
-9.897085 48.216485 0.000000 0.000000 0.000000 1.000000 -0.000256
-10.546990 48.207559 0.000000 0.000000 0.000000 0.999894 -0.014578
-11.096496 48.185471 0.000000 0.000000 0.000000 0.999644 -0.026694
-11.595532 48.153835 0.000000 0.000000 0.000000 0.999289 -0.037707
-12.143553 48.107506 0.000000 0.000000 0.000000 0.998990 -0.044935
-12.691220 48.056848 0.000000 0.000000 0.000000 0.998871 -0.047501
-13.338122 47.993353 0.000000 0.000000 0.000000 0.998722 -0.050532
-13.885211 47.936559 0.000000 0.000000 0.000000 0.998589 -0.053096
-14.531308 47.865826 0.000000 0.000000 0.000000 0.998424 -0.056126
-15.077815 47.803938 0.000000 0.000000 0.000000 0.998410 -0.056375
-15.574644 47.747705 0.000000 0.000000 0.000000 0.998450 -0.055661
-16.121583 47.690030 0.000000 0.000000 0.000000 0.998939 -0.046056
-16.669876 47.646645 0.000000 0.000000 0.000000 0.999502 -0.031566
-17.319119 47.615725 0.000000 0.000000 0.000000 0.999853 -0.017161
-17.868820 47.596850 0.000000 0.000000 0.000000 0.999855 -0.017037
-18.518475 47.577370 0.000000 0.000000 0.000000 0.999929 -0.011944
-19.068415 47.567306 0.000000 0.000000 0.000000 0.999983 -0.005797
-19.718377 47.564129 0.000000 0.000000 0.000000 0.999999 0.001468
-20.268393 47.568819 0.000000 0.000000 0.000000 0.999971 0.007616
-20.918231 47.583077 0.000000 0.000000 0.000000 0.999889 0.014881
-21.467844 47.602515 0.000000 0.000000 0.000000 0.999779 0.021027
-21.967346 47.625439 0.000000 0.000000 0.000000 0.999715 0.023852
-22.516696 47.651667 0.000000 0.000000 0.000000 0.999715 0.023852
-23.066066 47.677897 0.000000 0.000000 0.000000 0.999715 0.023852
-23.715327 47.708896 0.000000 0.000000 0.000000 0.999715 0.023852
-24.264715 47.735127 0.000000 0.000000 0.000000 0.999715 0.023852
-24.913995 47.766127 0.000000 0.000000 0.000000 0.999715 0.023852
-25.463331 47.792355 0.000000 0.000000 0.000000 0.999715 0.023852
-25.962768 47.816201 0.000000 0.000000 0.000000 0.999715 0.023852
-26.512104 47.842429 0.000000 0.000000 0.000000 0.999715 0.023852
-27.061491 47.868660 0.000000 0.000000 0.000000 0.999715 0.023852
-27.710777 47.899660 0.000000 0.000000 0.000000 0.999715 0.023852
-28.260173 47.925891 0.000000 0.000000 0.000000 0.999715 0.023852
-28.759605 47.949737 0.000000 0.000000 0.000000 0.999715 0.023852
-29.308944 47.975965 0.000000 0.000000 0.000000 0.999715 0.023852
-29.858306 48.002195 0.000000 0.000000 0.000000 0.999715 0.023852
-30.357773 48.026042 0.000000 0.000000 0.000000 0.999715 0.023852
-30.907171 48.052273 0.000000 0.000000 0.000000 0.999718 0.023727
-31.456584 48.077615 0.000000 0.000000 0.000000 0.999760 0.021920
-32.156002 48.106173 0.000000 0.000000 0.000000 0.999826 0.018653
-32.755574 48.127011 0.000000 0.000000 0.000000 0.999874 0.015852
-33.305379 48.143164 0.000000 0.000000 0.000000 0.999912 0.013285
-33.855191 48.156492 0.000000 0.000000 0.000000 0.999943 0.010717
-34.505065 48.168603 0.000000 0.000000 0.000000 0.999970 0.007683
-35.055046 48.175021 0.000000 0.000000 0.000000 0.999999 0.001424
-35.705054 48.169884 0.000000 0.000000 0.000000 0.999976 -0.006972
-36.220970 48.162689 0.000000 0.000000 0.000000 0.999976 -0.006972
-36.733773 48.155714 0.000000 0.000000 0.000000 0.999987 -0.005154
-37.280814 48.163357 0.000000 0.000000 0.000000 0.999700 0.024511
-37.792581 48.204949 0.000000 0.000000 0.000000 0.998263 0.058922
-38.325561 48.281496 0.000000 0.000000 0.000000 0.996568 0.082777
-38.792783 48.376841 0.000000 0.000000 0.000000 0.991775 0.127997
-39.069548 48.461464 0.000000 0.000000 0.000000 0.984695 0.174285
-39.325544 48.568506 0.000000 0.000000 0.000000 0.974540 0.224215
-39.592794 48.715700 0.000000 0.000000 0.000000 0.960386 0.278674
-39.820049 48.874828 0.000000 0.000000 0.000000 0.944876 0.327427
-40.032676 49.058853 0.000000 0.000000 0.000000 0.926895 0.375320
-40.208150 49.243335 0.000000 0.000000 0.000000 0.908634 0.417593
-40.382280 49.466243 0.000000 0.000000 0.000000 0.886087 0.463518
-40.525286 49.691780 0.000000 0.000000 0.000000 0.863921 0.503627
-40.674098 49.984577 0.000000 0.000000 0.000000 0.838040 0.545609
-40.795336 50.295033 0.000000 0.000000 0.000000 0.810314 0.585996
-40.899266 50.667906 0.000000 0.000000 0.000000 0.780021 0.625754
-40.985483 51.172081 0.000000 0.000000 0.000000 0.751562 0.659662
-41.043897 51.678584 0.000000 0.000000 0.000000 0.741190 0.671296
-41.087963 52.190907 0.000000 0.000000 0.000000 0.731451 0.681894
-41.117577 52.707537 0.000000 0.000000 0.000000 0.722912 0.690940
-41.145922 53.356869 0.000000 0.000000 0.000000 0.722092 0.691797
-41.167170 53.856444 0.000000 0.000000 0.000000 0.721927 0.691969
-41.190468 54.405982 0.000000 0.000000 0.000000 0.721927 0.691969
-41.213762 54.955432 0.000000 0.000000 0.000000 0.721927 0.691969
-41.234941 55.455002 0.000000 0.000000 0.000000 0.721927 0.691969
-41.258238 56.004510 0.000000 0.000000 0.000000 0.721927 0.691969
-41.281533 56.553988 0.000000 0.000000 0.000000 0.721927 0.691969
-41.302714 57.053607 0.000000 0.000000 0.000000 0.721927 0.691969
-41.326010 57.603105 0.000000 0.000000 0.000000 0.721927 0.691969
-41.349305 58.152579 0.000000 0.000000 0.000000 0.721927 0.691969
-41.370484 58.652159 0.000000 0.000000 0.000000 0.721927 0.691969
-41.393781 59.201678 0.000000 0.000000 0.000000 0.721927 0.691969
-41.417075 59.751114 0.000000 0.000000 0.000000 0.721927 0.691969
-41.438254 60.250697 0.000000 0.000000 0.000000 0.721927 0.691969
-41.461552 60.800233 0.000000 0.000000 0.000000 0.721927 0.691969
-41.484849 61.349752 0.000000 0.000000 0.000000 0.721927 0.691969
-41.508143 61.899218 0.000000 0.000000 0.000000 0.721927 0.691969
-41.529280 62.398773 0.000000 0.000000 0.000000 0.721582 0.692329
-41.550260 62.948398 0.000000 0.000000 0.000000 0.719050 0.694958
-41.565756 63.448160 0.000000 0.000000 0.000000 0.716671 0.697411
-41.578856 63.997989 0.000000 0.000000 0.000000 0.714045 0.700100
-41.587822 64.547874 0.000000 0.000000 0.000000 0.711408 0.702779
-41.592398 65.047881 0.000000 0.000000 0.000000 0.709156 0.705052
-41.594308 65.597864 0.000000 0.000000 0.000000 0.707346 0.706868
-41.593597 66.097890 0.000000 0.000000 0.000000 0.705696 0.708515
-41.590764 66.647875 0.000000 0.000000 0.000000 0.705189 0.709020
-41.587784 67.197853 0.000000 0.000000 0.000000 0.705189 0.709020
-41.585075 67.697884 0.000000 0.000000 0.000000 0.705189 0.709020
-41.582096 68.247819 0.000000 0.000000 0.000000 0.705189 0.709020
-41.579114 68.798285 0.000000 0.000000 0.000000 0.705189 0.709020
-41.575595 69.447840 0.000000 0.000000 0.000000 0.705189 0.709020
-41.572615 69.997819 0.000000 0.000000 0.000000 0.705189 0.709020
-41.569906 70.497841 0.000000 0.000000 0.000000 0.705189 0.709020
-41.566927 71.047760 0.000000 0.000000 0.000000 0.705189 0.709020
-41.563947 71.597821 0.000000 0.000000 0.000000 0.705189 0.709020
-41.560426 72.247741 0.000000 0.000000 0.000000 0.705189 0.709020
-41.557446 72.797730 0.000000 0.000000 0.000000 0.705189 0.709020
-41.554738 73.297727 0.000000 0.000000 0.000000 0.705189 0.709020
-41.551758 73.847726 0.000000 0.000000 0.000000 0.705189 0.709020
-41.548778 74.397804 0.000000 0.000000 0.000000 0.705189 0.709020
-41.544986 75.097777 0.000000 0.000000 0.000000 0.705189 0.709020
-41.541736 75.697697 0.000000 0.000000 0.000000 0.705189 0.709020
-41.538756 76.247756 0.000000 0.000000 0.000000 0.705189 0.709020
-41.535776 76.797681 0.000000 0.000000 0.000000 0.705189 0.709020
-41.533067 77.297709 0.000000 0.000000 0.000000 0.705189 0.709020
-41.530088 77.847729 0.000000 0.000000 0.000000 0.705189 0.709020
-41.527108 78.397715 0.000000 0.000000 0.000000 0.705189 0.709020
-41.524571 79.047660 0.000000 0.000000 0.000000 0.706492 0.707721
-41.524585 79.597654 0.000000 0.000000 0.000000 0.708307 0.705904
-41.528985 80.097659 0.000000 0.000000 0.000000 0.713080 0.701082
-41.544081 80.647437 0.000000 0.000000 0.000000 0.721299 0.692624
-41.572919 81.196632 0.000000 0.000000 0.000000 0.730382 0.683039
-41.611702 81.695141 0.000000 0.000000 0.000000 0.737277 0.675591
-41.659638 82.243055 0.000000 0.000000 0.000000 0.737277 0.675591
-41.707571 82.790946 0.000000 0.000000 0.000000 0.737277 0.675591
-41.751149 83.289050 0.000000 0.000000 0.000000 0.737277 0.675591
-41.799083 83.836935 0.000000 0.000000 0.000000 0.737277 0.675591
-41.847021 84.384878 0.000000 0.000000 0.000000 0.737277 0.675591
-41.903671 85.032400 0.000000 0.000000 0.000000 0.737277 0.675591
-41.951606 85.580308 0.000000 0.000000 0.000000 0.737277 0.675591
-42.008257 86.227833 0.000000 0.000000 0.000000 0.737277 0.675591
-42.056192 86.775739 0.000000 0.000000 0.000000 0.737277 0.675591
-42.112845 87.423295 0.000000 0.000000 0.000000 0.737277 0.675591
-42.160775 87.971141 0.000000 0.000000 0.000000 0.737277 0.675591
-42.204356 88.469285 0.000000 0.000000 0.000000 0.737266 0.675603
-42.251080 89.017272 0.000000 0.000000 0.000000 0.735237 0.677810
-42.293240 89.565629 0.000000 0.000000 0.000000 0.731871 0.681443
-42.327663 90.064488 0.000000 0.000000 0.000000 0.730757 0.682638
-42.365071 90.613233 0.000000 0.000000 0.000000 0.730757 0.682638
-42.402476 91.161937 0.000000 0.000000 0.000000 0.730757 0.682638
-42.446687 91.810479 0.000000 0.000000 0.000000 0.730757 0.682638
-42.484091 92.359177 0.000000 0.000000 0.000000 0.730757 0.682638
-42.527375 92.994126 0.000000 0.000000 0.000000 0.730757 0.682638
-42.562011 93.502814 0.000000 0.000000 0.000000 0.730183 0.683252
-42.595185 94.068408 0.000000 0.000000 0.000000 0.722419 0.691455
